0.00646896	169.59710012	5.82073858
0.00693103	37.01658018	0.32207097
0.00739310	12.20376419	0.14457198
0.00785517	9.70908504	0.12368380
0.00831724	8.23977437	0.11020918
0.00877931	6.72632530	0.09636413
0.00924138	5.81656397	0.08674290
0.00970345	4.87807149	0.07740448
0.01016552	4.46349860	0.07228989
0.01062758	3.91845126	0.06604815
0.01108965	3.53694286	0.06130037
0.01155172	3.27632456	0.05764205
0.01201379	2.97450299	0.05376168
0.01247586	2.80241310	0.05114431
0.01293793	2.63445032	0.04863882
0.01340000	2.56783335	0.04715676
0.01386207	2.32438133	0.04406817
0.01432414	2.29385001	0.04304147
0.01478620	2.23434126	0.04179502
0.01524827	2.08476096	0.03970459
0.01571034	2.05180546	0.03878763
0.01617241	2.00270357	0.03774607
0.01663448	2.05186090	0.03765612
0.01709655	2.02946833	0.03691717
0.01755862	2.00278736	0.03681657
0.01802069	1.95836975	0.03689327
0.01848276	1.91395023	0.03655853
0.01894482	1.87481111	0.03617310
0.01940689	1.80783653	0.03542134
0.01986896	1.87124812	0.03591319
0.02033103	1.90037230	0.03606123
0.02079310	1.93074746	0.03619783
0.02125517	1.97048056	0.03639523
0.02171724	2.01636423	0.03664267
0.02217931	2.09470680	0.03715378
0.02264138	2.13871376	0.03734722
0.02310344	2.27297237	0.03829647
0.02356551	2.42969884	0.03937510
0.02402758	2.54613894	0.04008090
0.02448965	2.90381296	0.04257783
0.02495172	3.38940222	0.04574962
0.02541379	4.16967507	0.05046383
0.02587586	5.52296271	0.05775160
0.02633793	7.66129729	0.06765166
0.02680000	10.83999994	0.08001319
0.02726206	15.08067841	0.09387532
0.02772413	21.60474499	0.11173008
0.02818620	31.93278919	0.13508745
0.02864827	52.00219787	0.17148481
0.02911034	92.86689238	0.22791622
0.02957241	160.16112325	0.29766940
0.03003448	250.10546743	0.37006548
0.03049655	343.95842038	0.43170363
0.03095862	423.75915979	0.47660937
0.03142068	463.64997627	0.49601348
0.03188275	449.65295020	0.48586419
0.03234482	356.82060598	0.43060629
0.03280689	217.37467739	0.33434311
0.03326896	99.06773764	0.22458555
0.03373103	41.97952187	0.14546492
0.03419310	21.82629584	0.10438522
0.03465517	13.16709738	0.08067241
0.03511724	8.47454258	0.06440128
0.03557930	5.78900269	0.05297297
0.03604137	4.22567047	0.04603107
0.03650344	3.36515622	0.04171723
0.03696551	2.84968080	0.03865333
0.03742758	2.46736624	0.03605809
0.03788965	2.29032047	0.03475944
0.03835172	2.21441356	0.03428289
0.03881379	2.09024626	0.03347236
0.03927586	1.94126650	0.03239840
0.03973792	1.93060687	0.03243512
0.04019999	1.89753608	0.03219337
0.04066206	1.81121831	0.03141170
0.04112413	1.72088862	0.03057514
0.04158620	1.63643890	0.02977015
0.04204827	1.65830842	0.02991958
0.04251034	1.58470564	0.02919843
0.04297241	1.54537627	0.02878180
0.04343448	1.54127810	0.02869068
0.04389654	1.49891925	0.02824011
0.04435861	1.46620733	0.02787582
0.04482068	1.48709028	0.02801808
0.04528275	1.44296960	0.02754322
0.04574482	1.42033543	0.02727051
0.04620689	1.40095931	0.02702674
0.04666896	1.38107924	0.02677761
0.04713103	1.41037287	0.02700258
0.04759310	1.37515474	0.02660576
0.04805516	1.35230286	0.02632684
0.04851723	1.23782772	0.02513230
0.04897930	1.30659633	0.02576425
0.04944137	1.27162246	0.02536109
0.04990344	1.29680119	0.02555401
0.05036551	1.23382043	0.02487049
0.05082758	1.19486084	0.02441947
0.05128965	1.23526684	0.02477336
0.05175172	1.24166736	0.02478180
0.05221378	1.24532498	0.02476242
0.05267585	1.29345829	0.02517981
0.05313792	1.23953909	0.02459369
0.05359999	1.22352060	0.02437946
0.05406206	1.26883252	0.02477026
0.05452413	1.35071041	0.02549930
0.05498620	1.47146731	0.02655490
0.05544827	1.54476776	0.02714680
0.05591034	1.67988506	0.02824567
0.05637240	1.82983846	0.02941241
0.05683447	1.98201190	0.03054218
0.05729654	1.94559270	0.03019245
0.05775861	1.95101515	0.03016658
0.05822068	2.03439347	0.03073571
0.05868275	2.27668925	0.03244117
0.05914482	2.62753256	0.03477357
0.05960689	3.30437955	0.03890925
0.06006896	4.83202508	0.04694670
0.06053102	8.42905349	0.06186831
0.06099309	15.19790069	0.08289064
0.06145516	25.37662118	0.10687471
0.06191723	34.93601101	0.12512033
0.06237930	41.44185770	0.13597367
0.06284137	42.30353713	0.13707949
0.06330344	37.10396265	0.12809772
0.06376551	26.16963217	0.10734592
0.06422758	14.45735867	0.07961167
0.06468964	6.70121970	0.05408368
0.06515171	3.68062003	0.03999546
0.06561378	2.62511942	0.03370430
0.06607585	1.94234426	0.02892956
0.06653792	1.57156324	0.02596591
0.06699999	1.36087824	0.02411117
0.06746206	1.22546785	0.02283145
0.06792413	1.08080394	0.02139592
0.06838620	1.01404374	0.02068078
0.06884826	0.99470413	0.02043923
0.06931033	0.95286138	0.01996277
0.06977240	0.94560353	0.01984446
0.07023447	0.89623216	0.01927901
0.07069654	0.84985516	0.01873448
0.07115861	0.86755514	0.01888912
0.07162068	0.83594829	0.01850354
0.07208275	0.81614093	0.01824489
0.07254482	0.81121085	0.01815224
0.07300688	0.80429821	0.01803767
0.07346895	0.76514103	0.01755706
0.07393102	0.74770241	0.01732054
0.07439309	0.73198252	0.01710254
0.07485516	0.73880780	0.01714744
0.07531723	0.71023354	0.01677831
0.07577930	0.70512931	0.01668423
0.07624137	0.72199033	0.01684874
0.07670344	0.67864676	0.01630242
0.07716550	0.68092637	0.01629737
0.07762757	0.68474201	0.01631021
0.07808964	0.65681744	0.01594254
0.07855171	0.66155554	0.01596843
0.07901378	0.61271472	0.01533739
0.07947585	0.61981057	0.01539582
0.07993792	0.62027594	0.01537125
0.08039999	0.63438065	0.01551478
0.08086206	0.62793420	0.01540584
0.08132412	0.63553986	0.01546884
0.08178619	0.60396827	0.01505075
0.08224826	0.59842977	0.01495271
0.08271033	0.58017761	0.01469486
0.08317240	0.56976240	0.01453433
0.08363447	0.61542188	0.01507674
0.08409654	0.62726448	0.01519233
0.08455861	0.55779228	0.01429921
0.08502067	0.61448778	0.01498019
0.08548274	0.58146813	0.01454457
0.08594481	0.56761355	0.01434337
0.08640688	0.53173082	0.01385677
0.08686895	0.56714936	0.01428419
0.08733102	0.58815491	0.01451947
0.08779309	0.55423196	0.01406829
0.08825516	0.55348683	0.01403299
0.08871723	0.53602613	0.01378458
0.08917929	0.55536691	0.01400540
0.08964136	0.54696360	0.01387380
0.09010343	0.57764718	0.01423168
0.09056550	0.60017115	0.01448037
0.09102757	0.61913989	0.01468067
0.09148964	0.68574336	0.01542235
0.09195171	0.83045264	0.01694144
0.09241378	1.13119458	0.01973711
0.09287585	1.54486823	0.02302450
0.09333791	1.86489506	0.02525189
0.09379998	1.99029470	0.02604095
0.09426205	1.89296027	0.02535154
0.09472412	1.57205313	0.02306228
0.09518619	1.10359636	0.01928925
0.09564826	0.80162845	0.01641087
0.09611033	0.63551726	0.01458656
0.09657240	0.53985117	0.01342065
0.09703447	0.49963210	0.01288871
0.09749653	0.49345204	0.01278675
0.09795860	0.45352151	0.01223736
0.09842067	0.47702568	0.01252908
0.09888274	0.46657621	0.01236976
0.09934481	0.44705020	0.01208755
0.09980688	0.46881473	0.01235736
0.10026895	0.45012633	0.01208804
0.10073102	0.43777377	0.01190102
0.10119309	0.42583324	0.01171771
0.10165515	0.43684213	0.01184833
0.10211722	0.43782343	0.01184188
0.10257929	0.40238886	0.01133364
0.10304136	0.41776771	0.01152910
0.10350343	0.38358178	0.01102890
0.10396550	0.38139096	0.01097924
0.10442757	0.39332551	0.01113140
0.10488964	0.38895117	0.01105118
0.10535171	0.38845536	0.01102615
0.10581377	0.39361083	0.01108095
0.10627584	0.38132514	0.01088903
0.10673791	0.40479406	0.01120080
0.10719998	0.39393676	0.01103173
0.10766205	0.39215300	0.01098907
0.10812412	0.40223160	0.01111150
0.10858619	0.38587385	0.01086590
0.10904826	0.37628483	0.01071279
0.10951033	0.36995373	0.01060541
0.10997239	0.38451467	0.01079501
0.11043446	0.39178163	0.01087930
0.11089653	0.37660572	0.01064978
0.11135860	0.37145421	0.01055994
0.11182067	0.37535205	0.01059860
0.11228274	0.37899413	0.01063330
0.11274481	0.35362386	0.01025523
0.11320688	0.34240830	0.01007569
0.11366895	0.35116376	0.01018787
0.11413101	0.37052901	0.01044895
0.11459308	0.35617607	0.01022868
0.11505515	0.34894041	0.01010872
0.11551722	0.35205499	0.01013826
0.11597929	0.35424712	0.01015423
0.11644136	0.35107092	0.01009331
0.11690343	0.34089821	0.00993081
0.11736550	0.34288013	0.00994458
0.11782757	0.35590605	0.01011649
0.11828963	0.34800581	0.00998852
0.11875170	0.34994699	0.01000139
0.11921377	0.36181054	0.01015419
0.11967584	0.34588283	0.00991339
0.12013791	0.35244561	0.00999216
0.12059998	0.34737942	0.00990538
0.12106205	0.34565085	0.00986616
0.12152412	0.33013393	0.00962784
0.12198619	0.31814303	0.00943751
0.12244825	0.35178472	0.00990944
0.12291032	0.34170130	0.00975212
0.12337239	0.37597158	0.01021462
0.12383446	0.41177464	0.01067436
0.12429653	0.45804523	0.01124191
0.12475860	0.46643850	0.01132792
0.12522067	0.45938929	0.01122580
0.12568274	0.45871309	0.01120147
0.12614481	0.39902012	0.01043226
0.12660687	0.38273082	0.01020257
0.12706894	0.36011620	0.00988235
0.12753101	0.33104897	0.00946167
0.12799308	0.34939230	0.00970653
0.12845515	0.34447446	0.00962435
0.12891722	0.33140178	0.00942671
0.12937929	0.32543596	0.00932824
0.12984136	0.31145856	0.00911295
0.13030343	0.32080226	0.00923573
0.13076549	0.30407788	0.00897922
0.13122756	0.30413852	0.00896768
0.13168963	0.30757993	0.00900574
0.13215170	0.31090089	0.00904177
0.13261377	0.32624953	0.00924940
0.13307584	0.30586652	0.00894348
0.13353791	0.31427953	0.00905325
0.13399998	0.29579808	0.00877098
0.13446205	0.30124261	0.00883932
0.13492411	0.31163254	0.00897813
0.13538618	0.32009993	0.00908694
0.13584825	0.32569590	0.00915364
0.13631032	0.30894158	0.00890304
0.13677239	0.29551801	0.00869580
0.13723446	0.30466367	0.00881738
0.13769653	0.29222717	0.00862398
0.13815860	0.30729079	0.00883167
0.13862067	0.31986467	0.00899853
0.13908273	0.31414217	0.00890586
0.13954480	0.31489640	0.00890463
0.14000687	0.31205608	0.00885267
0.14046894	0.30896106	0.00879706
0.14093101	0.32036205	0.00894611
0.14139308	0.30283626	0.00868658
0.14185515	0.31515927	0.00884994
0.14231722	0.30014657	0.00862536
0.14277929	0.30829911	0.00873024
0.14324135	0.30802466	0.00871501
0.14370342	0.28734845	0.00840656
0.14416549	0.28149777	0.00830976
0.14462756	0.29644369	0.00851656
0.14508963	0.32151170	0.00885785
0.14555170	0.30041639	0.00855135
0.14601377	0.29594959	0.00847670
0.14647584	0.29600453	0.00846665
0.14693791	0.29510262	0.00844302
0.14739997	0.29921627	0.00849077
0.14786204	0.30566909	0.00857098
0.14832411	0.29952513	0.00847370
0.14878618	0.29858930	0.00844977
0.14924825	0.32059638	0.00874465
0.14971032	0.31123287	0.00860599
0.15017239	0.29212750	0.00832639
0.15063446	0.28844145	0.00826337
0.15109653	0.30079210	0.00842792
0.15155859	0.33252837	0.00885040
0.15202066	0.31145963	0.00855480
0.15248273	0.30193167	0.00841256
0.15294480	0.30261536	0.00841161
0.15340687	0.31017733	0.00850558
0.15386894	0.32685959	0.00872062
0.15433101	0.34217843	0.00891169
0.15479308	0.40530377	0.00968713
0.15525515	0.47305200	0.01045262
0.15571721	0.53365177	0.01108847
0.15617928	0.53235677	0.01106160
0.15664135	0.53878965	0.01111475
0.15710342	0.48553558	0.01053847
0.15756549	0.42836065	0.00988654
0.15802756	0.34924583	0.00891627
0.15848963	0.34090954	0.00879867
0.15895170	0.32315088	0.00855618
0.15941377	0.30888282	0.00835521
0.15987583	0.29724461	0.00818724
0.16033790	0.29729849	0.00821436
0.16079997	0.27606707	0.00816216
0.16126204	0.29522649	0.00859872
0.16172411	0.30501411	0.00881729
0.16218618	0.30538138	0.00886698
0.16264825	0.29063431	0.00868745
0.16311032	0.28104029	0.00857507
0.16357239	0.26398023	0.00833898
0.16403445	0.29423593	0.00883120
0.16449652	0.28785636	0.00875985
0.16495859	0.28844189	0.00879207
0.16542066	0.28121626	0.00870267
0.16588273	0.27164568	0.00861158
0.16634480	0.28999192	0.00927604
0.16680687	0.26291818	0.00908416
0.16726894	0.27677973	0.00952761
0.16773101	0.26115604	0.00943538
0.16819307	0.31538355	0.01055469
0.16865514	0.31849129	0.01078554
0.16911721	0.24884603	0.00968740
0.16957928	0.26038941	0.01006393
0.17004135	0.26029120	0.01018829
0.17050342	0.29276782	0.01089617
0.17096549	0.26048762	0.01036173
0.17142756	0.27867073	0.01080253
0.17188963	0.27142668	0.01074419
0.17235169	0.27151081	0.01082791
0.17281376	0.26631906	0.01080438
0.17327583	0.24842059	0.01051214
0.17373790	0.35532715	0.01266387
0.17419997	0.27369172	0.01119437
0.17466204	0.29080744	0.01162128
0.17512411	0.26089855	0.01108509
0.17558618	0.26504235	0.01125089
0.17604825	0.27045496	0.01144401
0.17651031	0.27034771	0.01152055
0.17697238	0.25680419	0.01130642
0.17743445	0.26143298	0.01148578
0.17789652	0.25602675	0.01144185
0.17835859	0.27802382	0.01200370
0.17882066	0.25609125	0.01159797
0.17928273	0.28594545	0.01233754
0.17974480	0.26445111	0.01194736
0.18020687	0.25049393	0.01170229
0.18066893	0.24922823	0.01175051
0.18113100	0.25468392	0.01195756
0.18159307	0.27220737	0.01244440
0.18205514	0.26319328	0.01231810
0.18251721	0.25995992	0.01232375
0.18297928	0.26532558	0.01253328
0.18344135	0.24858656	0.01221246
0.18390342	0.26217518	0.01262564
0.18436549	0.26004923	0.01265857
0.18482755	0.25726566	0.01267515
0.18528962	0.23411547	0.01217279
0.18575169	0.26992686	0.01315890
0.18621376	0.27866199	0.01346066
0.18667583	0.26662836	0.01325628
0.18713790	0.27063918	0.01344672
0.18759997	0.27998257	0.01377055
0.18806204	0.25415877	0.01321040
0.18852411	0.23375030	0.01275650
0.18898617	0.26091530	0.01357100
0.18944824	0.26519000	0.01377728
0.18991031	0.25426570	0.01358527
0.19037238	0.25303750	0.01364815
0.19083445	0.27154644	0.01423900
0.19129652	0.27731590	0.01449240
0.19175859	0.29542740	0.01506587
0.19222066	0.27519915	0.01464637
0.19268273	0.29291518	0.01522080
0.19314479	0.26306141	0.01453043
0.19360686	0.24658989	0.01417247
0.19406893	0.23777528	0.01402087
0.19453100	0.24715384	0.01440242
0.19499307	0.24410178	0.01442199
0.19545514	0.24321937	0.01450626
0.19591721	0.25532171	0.01497776
0.19637928	0.23930530	0.01461359
0.19684135	0.27476538	0.01578236
0.19730341	0.24146461	0.01491287
0.19776548	0.26163332	0.01564801
0.19822755	0.24163824	0.01516038
0.19868962	0.24824860	0.01549254
0.19915169	0.22903840	0.01500459
0.19961376	0.26156039	0.01616915
0.20007583	0.28767760	0.01710124
0.20053790	0.23614843	0.01562729
0.20099997	0.25998412	0.01653964
0.20146203	0.26976047	0.01699614
0.20192410	0.23507409	0.01600739
0.20238617	0.24137564	0.01636712
0.20284824	0.25673246	0.01703436
0.20331031	0.28633442	0.01815667
0.20377238	0.23541386	0.01661828
0.20423445	0.27759308	0.01821813
0.20469652	0.24716275	0.01735726
0.20515859	0.27376016	0.01844712
0.20562065	0.26465156	0.01831895
0.20608272	0.22012392	0.01687662
0.20654479	0.23808551	0.01773285
0.20700686	0.24623422	0.01822304
0.20746893	0.24500466	0.01837157
0.20793100	0.26849685	0.01944116
0.20839307	0.23213646	0.01827689
0.20885514	0.30866608	0.02131286
0.20931721	0.32203649	0.02201957
0.20977927	0.25249595	0.01972600
0.21024134	0.31981902	0.02246575
0.21070341	0.29285826	0.02176008
0.21116548	0.25040092	0.02037153
0.21162755	0.24416155	0.02037208
0.21208962	0.24559827	0.02069773
0.21255169	0.30300087	0.02329564
0.21301376	0.26755182	0.02218887
0.21347583	0.30006226	0.02382641
0.21393789	0.27151680	0.02298922
0.21439996	0.21234324	0.02062899
0.21486203	0.26682142	0.02347314
0.21532410	0.25527535	0.02331561
0.21578617	0.26028363	0.02391872
0.21624824	0.25359777	0.02399728
0.21671031	0.24764213	0.02411528
0.21717238	0.22517849	0.02339727
0.21763445	0.25461199	0.02532850
0.21809651	0.27320461	0.02672682
0.21855858	0.22993222	0.02499314
0.21902065	0.23543569	0.02579773
0.21948272	0.22455307	0.02571940
0.21994479	0.20844496	0.02531702
0.22040686	0.28228975	0.03012804
0.22086893	0.30130592	0.03186107
0.22133100	0.23396185	0.02876936
0.22179307	0.25772784	0.03097806
0.22225513	0.26998202	0.03257064
0.22271720	0.22986830	0.03091838
0.22317927	0.27228580	0.03467495
0.22364134	0.24162237	0.03372056
0.22410341	0.28173999	0.03766837
0.22456548	0.40205690	0.04666118
0.22502755	0.28170953	0.04061296
0.22548962	0.17165944	0.03307057
0.22595169	0.34975192	0.04942854
0.22641375	0.29033118	0.04737082
0.22687582	0.42632003	0.06071774
0.22733789	0.42889290	0.06486796
0.22779996	0.26910918	0.05522314
0.22826203	0.22853556	0.05535210
0.22872410	0.29915520	0.07004922
0.22918617	0.54860491	0.10761617
0.22964824	0.31374184	0.09634196
0.23011031	0.18282110	0.09499041
