0.00372449	23.17447494	5.53807577
0.00419005	24.06565902	0.91322642
0.00465561	20.85065133	0.60728414
0.00512117	17.76617095	0.44634014
0.00558674	14.70760342	0.35546352
0.00605230	16.10407995	0.30605951
0.00651786	15.87689173	0.25831439
0.00698342	14.34145012	0.22055066
0.00744898	13.14417013	0.19327641
0.00791454	11.98853838	0.17088217
0.00838010	11.19951371	0.15310853
0.00884567	10.69505992	0.13897319
0.00931123	10.76365207	0.12948924
0.00977679	15.77990080	0.14299019
0.01024235	16.71949090	0.13862054
0.01070791	13.36814275	0.12093951
0.01117347	11.22730521	0.10852819
0.01163903	9.40919842	0.09702860
0.01210459	8.24342089	0.08892260
0.01257016	7.42836567	0.08272141
0.01303572	6.53149309	0.07604530
0.01350128	6.17566192	0.07262200
0.01396684	5.57094683	0.06779215
0.01443240	5.39397972	0.06554367
0.01489796	4.97503490	0.06188057
0.01536352	4.81649727	0.05993161
0.01582909	4.47816753	0.05692025
0.01629465	4.32241136	0.05506935
0.01676021	4.27913285	0.05397908
0.01722577	3.99070930	0.05139304
0.01769133	4.00674596	0.05079008
0.01815689	3.93536500	0.05062868
0.01862245	3.82884907	0.05057522
0.01908801	3.76283821	0.05024431
0.01955358	3.80815015	0.05051333
0.02001914	3.73604040	0.04992027
0.02048470	3.74742099	0.04985153
0.02095026	3.74118489	0.04960007
0.02141582	3.74262786	0.04941590
0.02188138	3.78848961	0.04948767
0.02234694	3.86064373	0.04973047
0.02281251	3.87074032	0.04955370
0.02327807	3.96477420	0.04988867
0.02374363	4.04086843	0.05010274
0.02420919	4.18189327	0.05071507
0.02467475	4.18023913	0.05042684
0.02514031	4.29895756	0.05086877
0.02560587	4.47226573	0.05160593
0.02607143	4.66389618	0.05240560
0.02653700	4.92354913	0.05355098
0.02700256	5.16568302	0.05457105
0.02746812	5.43354038	0.05567400
0.02793368	5.71062120	0.05675940
0.02839924	6.14269428	0.05856480
0.02886480	6.60849001	0.06040252
0.02933036	7.10148444	0.06229425
0.02979592	7.53173018	0.06381636
0.03026149	8.35549115	0.06685189
0.03072705	8.97284253	0.06891425
0.03119261	10.17326280	0.07301723
0.03165817	11.34983650	0.07672390
0.03212373	14.16982218	0.08530813
0.03258929	26.33503325	0.11581980
0.03305485	39.61146182	0.14565549
0.03352042	57.31751445	0.17732906
0.03398598	84.90216202	0.21705609
0.03445154	123.86461203	0.26287929
0.03491710	178.54627584	0.31591015
0.03538266	260.18214705	0.38138456
0.03584822	382.69351808	0.46438840
0.03631378	550.30500699	0.55912933
0.03677934	742.31758742	0.65187187
0.03724491	920.73205210	0.72851462
0.03771047	1035.15185657	0.77308180
0.03817603	1047.73430584	0.77655111
0.03864159	937.36117713	0.73308196
0.03910715	744.86803563	0.65229442
0.03957271	560.17167175	0.56460426
0.04003827	445.18872346	0.50231380
0.04050384	387.99490980	0.46801456
0.04096940	357.55560558	0.44824943
0.04143496	330.92678069	0.43031081
0.04190052	314.66392299	0.41870342
0.04236608	304.78403192	0.41114541
0.04283164	286.90991112	0.39804326
0.04329720	242.49322287	0.36503501
0.04376276	204.70079402	0.33461340
0.04422833	187.84686875	0.31981360
0.04469389	180.25357896	0.31253609
0.04515945	168.69852591	0.30166874
0.04562501	145.11875859	0.27907928
0.04609057	107.25208408	0.23934913
0.04655613	62.91823797	0.18289550
0.04702169	23.52708971	0.11156700
0.04748726	8.92973916	0.06857554
0.04795282	6.29691434	0.05743677
0.04841838	5.49914746	0.05354518
0.04888394	5.17520495	0.05182193
0.04934950	4.83359624	0.04995269
0.04981506	4.48928181	0.04802551
0.05028062	4.26425370	0.04669444
0.05074618	4.06381565	0.04547286
0.05121175	3.88386383	0.04435024
0.05167731	3.71296448	0.04325149
0.05214287	3.61516329	0.04257590
0.05260843	3.52307181	0.04193021
0.05307399	3.49778466	0.04167798
0.05353955	3.26332893	0.04016311
0.05400511	3.17021965	0.03948454
0.05447068	3.19461753	0.03954176
0.05493624	3.06707739	0.03865329
0.05540180	2.99610960	0.03811131
0.05586736	2.92760154	0.03758634
0.05633292	2.81462615	0.03676059
0.05679848	2.82204045	0.03672201
0.05726404	2.76155216	0.03624210
0.05772960	2.71266749	0.03583406
0.05819517	2.67708505	0.03551753
0.05866073	2.63708467	0.03516306
0.05912629	2.56146932	0.03457428
0.05959185	2.52052789	0.03421862
0.06005741	2.46774653	0.03377848
0.06052297	2.43065990	0.03344894
0.06098853	2.36387095	0.03290499
0.06145410	2.42224049	0.03323188
0.06191966	2.40955947	0.03307051
0.06238522	2.32145593	0.03238462
0.06285078	2.24485512	0.03177611
0.06331634	2.28660966	0.03199261
0.06378190	2.26435618	0.03176406
0.06424746	2.19516533	0.03120623
0.06471302	2.22458996	0.03133939
0.06517859	2.10512662	0.03041851
0.06564415	2.12495266	0.03049398
0.06610971	2.10714502	0.03029778
0.06657527	2.09464820	0.03014268
0.06704083	2.04328769	0.02970073
0.06750639	2.01507761	0.02943036
0.06797195	1.99726596	0.02923662
0.06843752	2.00040199	0.02919487
0.06890308	1.97508781	0.02894826
0.06936864	1.96288918	0.02879197
0.06983420	1.87590540	0.02808604
0.07029976	1.89414147	0.02816241
0.07076532	1.85983588	0.02784544
0.07123088	1.94155061	0.02839168
0.07169644	1.86752353	0.02778191
0.07216201	1.82777934	0.02742627
0.07262757	1.85106857	0.02754314
0.07309313	1.74567818	0.02669021
0.07355869	1.75555925	0.02671136
0.07402425	1.73411133	0.02648848
0.07448981	1.69629491	0.02614322
0.07495537	1.71270706	0.02621597
0.07542094	1.81839198	0.02695567
0.07588650	1.92209458	0.02765861
0.07635206	2.12036095	0.02898649
0.07681762	2.36132744	0.03052619
0.07728318	2.73552008	0.03279054
0.07774874	3.10446614	0.03485622
0.07821430	3.28836257	0.03580156
0.07867986	3.23975664	0.03546502
0.07914543	3.06781899	0.03444106
0.07961099	2.75981197	0.03260268
0.08007655	2.51878303	0.03108022
0.08054211	2.35020948	0.02996267
0.08100767	2.17986868	0.02879998
0.08147323	2.11241967	0.02829424
0.08193879	2.08056860	0.02802647
0.08240436	1.96268774	0.02716406
0.08286992	1.86680895	0.02644055
0.08333548	1.79028023	0.02584332
0.08380104	1.75307680	0.02552303
0.08426660	1.64817669	0.02470131
0.08473216	1.61993094	0.02443849
0.08519772	1.56732935	0.02399221
0.08566328	1.52570039	0.02362702
0.08612885	1.41551594	0.02271373
0.08659441	1.30077841	0.02173380
0.08705997	1.21718060	0.02098143
0.08752553	1.15602652	0.02040882
0.08799109	1.17504579	0.02053819
0.08845665	1.13372763	0.02013531
0.08892221	1.15223412	0.02026251
0.08938777	1.10879957	0.01983756
0.08985334	1.09836681	0.01970716
0.09031890	1.10272442	0.01971062
0.09078446	1.06329175	0.01931706
0.09125002	1.06380190	0.01928646
0.09171558	1.07542651	0.01935650
0.09218114	1.05353540	0.01912323
0.09264670	1.05013662	0.01905864
0.09311227	1.02344979	0.01877866
0.09357783	1.00818058	0.01860455
0.09404339	1.04110973	0.01887245
0.09450895	1.01732972	0.01862183
0.09497451	1.01676269	0.01858440
0.09544007	1.00528526	0.01844421
0.09590563	0.98891668	0.01826101
0.09637119	1.02187931	0.01853062
0.09683676	0.99973764	0.01829597
0.09730232	1.02590815	0.01850243
0.09776788	1.01081126	0.01833159
0.09823344	0.99356279	0.01814274
0.09869900	1.00555699	0.01822083
0.09916456	0.99211030	0.01806667
0.09963012	0.97675014	0.01789642
0.10009569	0.98361171	0.01792628
0.10056125	0.99163207	0.01796817
0.10102681	0.96570615	0.01770211
0.10149237	0.96676220	0.01767967
0.10195793	0.95613996	0.01755263
0.10242349	0.97425633	0.01768845
0.10288905	0.94969780	0.01743437
0.10335461	0.97632305	0.01764811
0.10382018	0.95607387	0.01743298
0.10428574	0.95733289	0.01741543
0.10475130	0.93457584	0.01717890
0.10521686	0.92101552	0.01702518
0.10568242	0.96170784	0.01736925
0.10614798	0.97734816	0.01747917
0.10661354	0.96702088	0.01735803
0.10707911	0.92055810	0.01690857
0.10754467	0.93533181	0.01701545
0.10801023	0.92029699	0.01685152
0.10847579	0.94583750	0.01705423
0.10894135	0.93341795	0.01691442
0.10940691	0.93628846	0.01691359
0.10987247	0.94231464	0.01694016
0.11033803	0.97234588	0.01718134
0.11080360	0.98274772	0.01724361
0.11126916	0.93781472	0.01681782
0.11173472	0.93737279	0.01678773
0.11220028	0.96229852	0.01698079
0.11266584	0.95230764	0.01686595
0.11313140	0.93566421	0.01669184
0.11359696	0.96467252	0.01692180
0.11406253	1.00597478	0.01725390
0.11452809	1.01444588	0.01729763
0.11499365	1.04820883	0.01755591
0.11545921	1.14121794	0.01829019
0.11592477	1.27022182	0.01926612
0.11639033	1.57570180	0.02142597
0.11685589	1.96815846	0.02390688
0.11732145	2.74882097	0.02820988
0.11778702	3.72614803	0.03279476
0.11825258	4.55813468	0.03621569
0.11871814	4.93801668	0.03763917
0.11918370	5.02499208	0.03790803
0.11964926	4.69742620	0.03659624
0.12011482	4.28225528	0.03488999
0.12058038	3.93417724	0.03339089
0.12104595	3.62640137	0.03201186
0.12151151	3.34752283	0.03070752
0.12197707	3.15464870	0.02976520
0.12244263	2.95999068	0.02879042
0.12290819	2.84965318	0.02820426
0.12337375	2.61684094	0.02698805
0.12383931	2.33505817	0.02545649
0.12430487	2.18960714	0.02461447
0.12477044	2.10904419	0.02412296
0.12523600	2.01656276	0.02355155
0.12570156	1.93949402	0.02306369
0.12616712	1.70107896	0.02156874
0.12663268	1.45052853	0.01988796
0.12709824	1.16591251	0.01780539
0.12756380	0.99005042	0.01638258
0.12802937	0.93768420	0.01592061
0.12849493	0.90295622	0.01560104
0.12896049	0.87912309	0.01537151
0.12942605	0.85981142	0.01518081
0.12989161	0.87615514	0.01530130
0.13035717	0.85815555	0.01512186
0.13082273	0.85784144	0.01509818
0.13128829	0.86952079	0.01517886
0.13175386	0.86586102	0.01512639
0.13221942	0.84611053	0.01493063
0.13268498	0.83635600	0.01482351
0.13315054	0.83376879	0.01478045
0.13361610	0.84317126	0.01484162
0.13408166	0.82834598	0.01469037
0.13454722	0.82007405	0.01459688
0.13501279	0.80704396	0.01446036
0.13547835	0.78196236	0.01421486
0.13594391	0.77971799	0.01417378
0.13640947	0.80001538	0.01433757
0.13687503	0.77440917	0.01408731
0.13734059	0.77726202	0.01409384
0.13780615	0.79745312	0.01425697
0.13827171	0.79750449	0.01423695
0.13873728	0.78117880	0.01407151
0.13920284	0.80453621	0.01426148
0.13966840	0.78604076	0.01407742
0.14013396	0.74364357	0.01367481
0.14059952	0.75853949	0.01379152
0.14106508	0.77876354	0.01395553
0.14153064	0.75350652	0.01370954
0.14199621	0.75666418	0.01371972
0.14246177	0.73346450	0.01349059
0.14292733	0.77417940	0.01384057
0.14339289	0.75790388	0.01367623
0.14385845	0.74225022	0.01351697
0.14432401	0.76717455	0.01372297
0.14478957	0.75449930	0.01359151
0.14525513	0.75594108	0.01358703
0.14572070	0.71195539	0.01316856
0.14618626	0.71729585	0.01320125
0.14665182	0.74561501	0.01344088
0.14711738	0.74063158	0.01337870
0.14758294	0.72384713	0.01320954
0.14804850	0.72384614	0.01319240
0.14851406	0.73400968	0.01326827
0.14897962	0.72440697	0.01316335
0.14944519	0.75308292	0.01340429
0.14991075	0.70840722	0.01298447
0.15037631	0.71950604	0.01306897
0.15084187	0.68855985	0.01276928
0.15130743	0.70341636	0.01288905
0.15177299	0.70415877	0.01287959
0.15223855	0.69842300	0.01281135
0.15270412	0.70480201	0.01285265
0.15316968	0.69680652	0.01276374
0.15363524	0.71257054	0.01289146
0.15410080	0.69817682	0.01274464
0.15456636	0.71315812	0.01286516
0.15503192	0.71113475	0.01283005
0.15549748	0.69886264	0.01270328
0.15596304	0.71256753	0.01281172
0.15642861	0.69358372	0.01262424
0.15689417	0.71214318	0.01277688
0.15735973	0.70404401	0.01268757
0.15782529	0.72962570	0.01290031
0.15829085	0.77784405	0.01330391
0.15875641	0.77110159	0.01322984
0.15922197	0.78079068	0.01329718
0.15968754	0.75983839	0.01310077
0.16015310	0.77143128	0.01318441
0.16061866	0.77945860	0.01323730
0.16108422	0.75070495	0.01297434
0.16154978	0.74175625	0.01288152
0.16201534	0.71159490	0.01260205
0.16248090	0.73796022	0.01281803
0.16294646	0.71692605	0.01261946
0.16341203	0.71817883	0.01266375
0.16387759	0.67967390	0.01270446
0.16434315	0.70602284	0.01319806
0.16480871	0.70090031	0.01327738
0.16527427	0.67819076	0.01316342
0.16573983	0.68070563	0.01374246
0.16620539	0.66967463	0.01403831
0.16667096	0.64014895	0.01404335
0.16713652	0.64245721	0.01435430
0.16760208	0.64659614	0.01466839
0.16806764	0.64523703	0.01490885
0.16853320	0.59542274	0.01455790
0.16899876	0.65359314	0.01542866
0.16946432	0.62892427	0.01527346
0.16992988	0.61064587	0.01518286
0.17039545	0.69466170	0.01633223
0.17086101	0.69467586	0.01646820
0.17132657	0.64278184	0.01596956
0.17179213	0.64336876	0.01610346
0.17225769	0.59722041	0.01563563
0.17272325	0.61326216	0.01596501
0.17318881	0.59003794	0.01577721
0.17365438	0.60517911	0.01609637
0.17411994	0.62268383	0.01644647
0.17458550	0.64247633	0.01682605
0.17505106	0.62509907	0.01671507
0.17551662	0.63828638	0.01700949
0.17598218	0.83812853	0.01962732
0.17644774	0.62885843	0.01711906
0.17691330	0.62584625	0.01719544
0.17737887	0.58796689	0.01678079
0.17784443	0.64331640	0.01767638
0.17830999	0.60696611	0.01728154
0.17877555	0.62567527	0.01766388
0.17924111	0.63315842	0.01788826
0.17970667	0.63948262	0.01809743
0.18017223	0.63479303	0.01815561
0.18063780	0.65143962	0.01850980
0.18110336	0.59691243	0.01783560
0.18156892	0.62931048	0.01843453
0.18203448	0.59122320	0.01798623
0.18250004	0.60542327	0.01832136
0.18296560	0.64458989	0.01902976
0.18343116	0.62342579	0.01883860
0.18389672	0.63127778	0.01908241
0.18436229	0.64279020	0.01938329
0.18482785	0.63685317	0.01942167
0.18529341	0.59959546	0.01897036
0.18575897	0.60680472	0.01921129
0.18622453	0.63763373	0.01982487
0.18669009	0.64220669	0.02002917
0.18715565	0.62658598	0.01991709
0.18762122	0.61881939	0.01992679
0.18808678	0.62265588	0.02012380
0.18855234	0.59493384	0.01980445
0.18901790	0.62912021	0.02050456
0.18948346	0.61925569	0.02048270
0.18994902	0.63154558	0.02082753
0.19041458	0.66354163	0.02149651
0.19088014	0.62450141	0.02099980
0.19134571	0.63603124	0.02134123
0.19181127	0.65104477	0.02174380
0.19227683	0.62697334	0.02148935
0.19274239	0.61060879	0.02135841
0.19320795	0.65852031	0.02233991
0.19367351	0.61921306	0.02181966
0.19413907	0.63060500	0.02217995
0.19460464	0.59980727	0.02179041
0.19507020	0.58562127	0.02169054
0.19553576	0.66044428	0.02320642
0.19600132	0.66824952	0.02351875
0.19646688	0.63917055	0.02317587
0.19693244	0.62209683	0.02303925
0.19739800	0.66531165	0.02401009
0.19786356	0.63640354	0.02366576
0.19832913	0.65646968	0.02422518
0.19879469	0.66509377	0.02457765
0.19926025	0.71262594	0.02564507
0.19972581	0.69653897	0.02555972
0.20019137	0.70414755	0.02590975
0.20065693	0.70483899	0.02613746
0.20112249	0.71746734	0.02659175
0.20158805	0.74522826	0.02733128
0.20205362	0.72088983	0.02711208
0.20251918	0.70301273	0.02700649
0.20298474	0.71610503	0.02749667
0.20345030	0.68890991	0.02720988
0.20391586	0.74639242	0.02857809
0.20438142	0.72205986	0.02836566
0.20484698	0.71344244	0.02845751
0.20531255	0.76818862	0.02980705
0.20577811	0.67168452	0.02813806
0.20624367	0.69547489	0.02890945
0.20670923	0.60279814	0.02717916
0.20717479	0.69819764	0.02954313
0.20764035	0.70980637	0.03009007
0.20810591	0.60869056	0.02815199
0.20857147	0.60915015	0.02845805
0.20903704	0.64305610	0.02955135
0.20950260	0.62708261	0.02949894
0.20996816	0.64397348	0.03022414
0.21043372	0.65027075	0.03071364
0.21089928	0.65640640	0.03121242
0.21136484	0.68667804	0.03229766
0.21183040	0.65883358	0.03201379
0.21229597	0.67277616	0.03274503
0.21276153	0.63421089	0.03218837
0.21322709	0.62669617	0.03240407
0.21369265	0.67044618	0.03395194
0.21415821	0.64402407	0.03371897
0.21462377	0.61864876	0.03349824
0.21508933	0.63189909	0.03432761
0.21555489	0.67809743	0.03606924
0.21602046	0.58366766	0.03395509
0.21648602	0.62773158	0.03574451
0.21695158	0.65840432	0.03717480
0.21741714	0.65820982	0.03776199
0.21788270	0.62281909	0.03733592
0.21834826	0.66359229	0.03919096
0.21881382	0.71769948	0.04146929
0.21927939	0.59237873	0.03835499
0.21974495	0.59031964	0.03900294
0.22021051	0.63522634	0.04124148
0.22067607	0.63065335	0.04191682
0.22114163	0.72358231	0.04583440
0.22160719	0.69374544	0.04585236
0.22207275	0.67282523	0.04617616
0.22253831	0.76742471	0.05047967
0.22300388	0.66317912	0.04808546
0.22346944	0.53300020	0.04422589
0.22393500	0.59445343	0.04797952
0.22440056	0.67267068	0.05250676
0.22486612	0.67738217	0.05429450
0.22533168	0.63142613	0.05411553
0.22579724	0.59447648	0.05431917
0.22626281	0.75552883	0.06349938
0.22672837	0.57443232	0.05757238
0.22719393	0.63007489	0.06289753
0.22765949	0.71461124	0.07013926
0.22812505	0.45457378	0.05884285
0.22859061	0.61407950	0.07234131
0.22905617	0.56616172	0.07398630
0.22952173	0.70866586	0.08896145
0.22998730	0.77293241	0.10105344
0.23045286	0.73703122	0.10914909
0.23091842	0.43569060	0.09520459
0.23138398	0.77978445	0.15077754
0.23184954	0.81893368	0.19957682
