0.00646896	28.53037640	2.38738596
0.00693103	23.61576014	0.25724942
0.00739310	19.25289520	0.18158721
0.00785517	16.43239777	0.16090670
0.00831724	13.90630773	0.14317462
0.00877931	11.63590304	0.12674374
0.00924138	9.83796969	0.11281151
0.00970345	8.28534735	0.10087821
0.01016552	7.03411904	0.09074960
0.01062758	6.19966640	0.08307829
0.01108965	5.32605812	0.07522324
0.01155172	4.91894145	0.07062880
0.01201379	4.36736520	0.06514414
0.01247586	4.08694632	0.06176333
0.01293793	3.77641960	0.05823421
0.01340000	3.50430772	0.05508859
0.01386207	3.18988655	0.05162487
0.01432414	2.94518012	0.04877087
0.01478620	2.79906531	0.04677957
0.01524827	2.60552328	0.04438744
0.01571034	2.54437388	0.04319322
0.01617241	2.41684125	0.04146555
0.01663448	2.36787008	0.04045205
0.01709655	2.23297029	0.03872387
0.01755862	2.11004657	0.03778957
0.01802069	2.06500600	0.03788441
0.01848276	2.05527805	0.03788425
0.01894482	1.97138420	0.03709306
0.01940689	1.89373658	0.03625311
0.01986896	1.87246871	0.03592490
0.02033103	1.86990080	0.03577095
0.02079310	1.78821624	0.03483612
0.02125517	1.80644802	0.03484746
0.02171724	1.78248049	0.03445205
0.02217931	1.72811263	0.03374639
0.02264138	1.70713033	0.03336686
0.02310344	1.69541123	0.03307495
0.02356551	1.73708187	0.03329320
0.02402758	1.64083521	0.03217577
0.02448965	1.61006555	0.03170451
0.02495172	1.63368507	0.03176216
0.02541379	1.63649031	0.03161446
0.02587586	1.58323850	0.03092083
0.02633793	1.57911613	0.03071386
0.02680000	1.58522187	0.03059793
0.02726206	1.56133162	0.03020568
0.02772413	1.57918935	0.03020735
0.02818620	1.53448373	0.02961268
0.02864827	1.55631858	0.02966635
0.02911034	1.47745728	0.02874764
0.02957241	1.52508729	0.02904711
0.03003448	1.59105056	0.02951610
0.03049655	1.57047453	0.02917079
0.03095862	1.52334917	0.02857609
0.03142068	1.46776625	0.02790788
0.03188275	1.52998518	0.02834130
0.03234482	1.57166325	0.02857822
0.03280689	1.54806071	0.02821512
0.03326896	1.57004696	0.02827301
0.03373103	1.58387847	0.02825533
0.03419310	1.55309577	0.02784506
0.03465517	1.55935879	0.02776215
0.03511724	1.56040324	0.02763470
0.03557930	1.61267755	0.02795930
0.03604137	1.55178377	0.02789452
0.03650344	1.53236525	0.02815101
0.03696551	1.58911550	0.02886466
0.03742758	1.60374878	0.02907060
0.03788965	1.57954682	0.02886629
0.03835172	1.57927085	0.02895185
0.03881379	1.62048989	0.02947208
0.03927586	1.65017432	0.02987073
0.03973792	1.60845763	0.02960557
0.04019999	1.55455484	0.02913898
0.04066206	1.62213593	0.02972691
0.04112413	1.59207050	0.02940852
0.04158620	1.57416184	0.02919819
0.04204827	1.57561983	0.02916410
0.04251034	1.63404399	0.02964948
0.04297241	1.63654233	0.02961860
0.04343448	1.69540662	0.03009104
0.04389654	1.69519713	0.03003221
0.04435861	1.64178709	0.02949772
0.04482068	1.68964354	0.02986533
0.04528275	1.70026024	0.02989812
0.04574482	1.73547678	0.03014444
0.04620689	1.70452300	0.02981140
0.04666896	1.69431401	0.02965920
0.04713103	1.71824519	0.02980444
0.04759310	1.68870438	0.02948334
0.04805516	1.69242314	0.02945209
0.04851723	1.74189679	0.02981352
0.04897930	1.73582194	0.02969609
0.04944137	1.77808523	0.02998921
0.04990344	1.79480329	0.03006289
0.05036551	1.74526926	0.02957942
0.05082758	1.77142383	0.02973300
0.05128965	1.80505484	0.02994675
0.05175172	1.81025506	0.02992266
0.05221378	1.82547747	0.02998057
0.05267585	1.77696731	0.02951318
0.05313792	1.85876591	0.03011660
0.05359999	1.79696198	0.02954526
0.05406206	1.79010439	0.02942169
0.05452413	1.82264092	0.02962087
0.05498620	1.83957652	0.02969124
0.05544827	1.84434712	0.02966254
0.05591034	1.85456064	0.02967786
0.05637240	1.92148341	0.03013995
0.05683447	1.93369372	0.03016759
0.05729654	1.94331909	0.03017480
0.05775861	1.88321543	0.02963778
0.05822068	1.86634273	0.02943889
0.05868275	1.89964412	0.02963335
0.05914482	1.93156916	0.02981469
0.05960689	1.97988849	0.03011815
0.06006896	1.98452268	0.03008628
0.06053102	1.90604931	0.02942022
0.06099309	1.99368673	0.03002218
0.06145516	2.07669030	0.03057341
0.06191723	2.01214327	0.03002760
0.06237930	1.99467859	0.02983127
0.06284137	2.07483367	0.03035818
0.06330344	2.08435258	0.03036105
0.06376551	2.02716498	0.02987661
0.06422758	2.06653446	0.03009911
0.06468964	2.08223856	0.03014772
0.06515171	2.03723817	0.02975576
0.06561378	2.06454900	0.02988983
0.06607585	2.13988396	0.03036504
0.06653792	2.15201433	0.03038507
0.06699999	2.18353692	0.03054140
0.06746206	2.13472748	0.03013379
0.06792413	2.17429267	0.03034705
0.06838620	2.14344096	0.03006729
0.06884826	2.14366534	0.03000517
0.06931033	2.14869867	0.02997738
0.06977240	2.17166417	0.03007330
0.07023447	2.24107342	0.03048614
0.07069654	2.16646507	0.02991197
0.07115861	2.17063738	0.02987836
0.07162068	2.20911158	0.03007973
0.07208275	2.25612943	0.03033476
0.07254482	2.24922398	0.03022593
0.07300688	2.25995751	0.03023585
0.07346895	2.26835824	0.03022991
0.07393102	2.29103229	0.03031884
0.07439309	2.25125646	0.02999320
0.07485516	2.25742227	0.02997367
0.07531723	2.25873156	0.02992126
0.07577930	2.26817139	0.02992331
0.07624137	2.30341496	0.03009455
0.07670344	2.30240490	0.03002762
0.07716550	2.30632179	0.02999351
0.07762757	2.35246103	0.03023133
0.07808964	2.36298907	0.03023890
0.07855171	2.39285291	0.03036946
0.07901378	2.35498361	0.03006882
0.07947585	2.33121083	0.02985824
0.07993792	2.33739624	0.02983890
0.08039999	2.32027830	0.02967158
0.08086206	2.36073250	0.02987112
0.08132412	2.30518019	0.02946041
0.08178619	2.41570291	0.03010043
0.08224826	2.44433326	0.03021994
0.08271033	2.39938367	0.02988374
0.08317240	2.37982636	0.02970440
0.08363447	2.36299602	0.02954285
0.08409654	2.39518053	0.02968712
0.08455861	2.46001353	0.03002925
0.08502067	2.40877842	0.02965918
0.08548274	2.45942666	0.02991264
0.08594481	2.46952973	0.02991795
0.08640688	2.43023887	0.02962378
0.08686895	2.42517145	0.02953780
0.08733102	2.46985790	0.02975370
0.08779309	2.43209103	0.02947037
0.08825516	2.47868578	0.02969663
0.08871723	2.52392034	0.02991152
0.08917929	2.46809695	0.02952477
0.08964136	2.39609405	0.02903809
0.09010343	2.46812971	0.02941771
0.09056550	2.50963890	0.02961064
0.09102757	2.42529036	0.02905583
0.09148964	2.42727062	0.02901541
0.09195171	2.45227273	0.02911235
0.09241378	2.43000114	0.02892798
0.09287585	2.45522194	0.02902618
0.09333791	2.42966839	0.02882307
0.09379998	2.45013299	0.02889302
0.09426205	2.50851548	0.02918380
0.09472412	2.47519166	0.02893830
0.09518619	2.51393566	0.02911302
0.09564826	2.53931085	0.02920807
0.09611033	2.52250709	0.02906065
0.09657240	2.47945183	0.02876168
0.09703447	2.52130103	0.02895320
0.09749653	2.48101133	0.02867160
0.09795860	2.48684711	0.02865586
0.09842067	2.48931504	0.02862123
0.09888274	2.50221357	0.02864589
0.09934481	2.41926174	0.02811912
0.09980688	2.43843544	0.02818258
0.10026895	2.42348162	0.02804843
0.10073102	2.46121591	0.02821851
0.10119309	2.49263123	0.02834992
0.10165515	2.49714681	0.02832808
0.10211722	2.40712487	0.02776645
0.10257929	2.43925632	0.02790456
0.10304136	2.46253079	0.02799104
0.10350343	2.40183583	0.02759783
0.10396550	2.40901734	0.02759352
0.10442757	2.41107457	0.02756000
0.10488964	2.40805908	0.02749758
0.10535171	2.42685572	0.02755975
0.10581377	2.41156591	0.02742794
0.10627584	2.41778057	0.02741889
0.10673791	2.40193024	0.02728427
0.10719998	2.41557240	0.02731747
0.10766205	2.34749682	0.02688659
0.10812412	2.39916868	0.02713721
0.10858619	2.38951719	0.02703946
0.10904826	2.34429719	0.02673934
0.10951033	2.34667194	0.02671037
0.10997239	2.32038795	0.02651837
0.11043446	2.34046797	0.02659073
0.11089653	2.32279805	0.02644861
0.11135860	2.31797212	0.02637928
0.11182067	2.29097684	0.02618420
0.11228274	2.30434923	0.02621959
0.11274481	2.31902802	0.02626199
0.11320688	2.32309121	0.02624434
0.11366895	2.32840881	0.02623360
0.11413101	2.27602967	0.02589705
0.11459308	2.31813557	0.02609497
0.11505515	2.27247182	0.02579704
0.11551722	2.27631964	0.02577951
0.11597929	2.27053783	0.02570741
0.11644136	2.24745826	0.02553772
0.11690343	2.24887731	0.02550674
0.11736550	2.24574346	0.02545045
0.11782757	2.21798224	0.02525463
0.11828963	2.19070725	0.02506110
0.11875170	2.27632093	0.02550799
0.11921377	2.19129501	0.02498936
0.11967584	2.17548998	0.02486201
0.12013791	2.17666592	0.02483186
0.12059998	2.22371508	0.02506158
0.12106205	2.16489587	0.02469152
0.12152412	2.14945762	0.02456679
0.12198619	2.14907750	0.02452858
0.12244825	2.13345773	0.02440354
0.12291032	2.10695005	0.02421602
0.12337239	2.13755124	0.02435583
0.12383446	2.13402631	0.02430032
0.12429653	2.13685760	0.02428139
0.12475860	2.12414951	0.02417383
0.12522067	2.09142499	0.02395235
0.12568274	2.07657578	0.02383298
0.12614481	2.10776987	0.02397687
0.12660687	2.04676394	0.02359374
0.12706894	2.06081465	0.02364059
0.12753101	2.06791891	0.02364768
0.12799308	2.07169937	0.02363583
0.12845515	1.99368113	0.02315371
0.12891722	1.97841160	0.02303250
0.12937929	2.00747872	0.02316822
0.12984136	2.02777689	0.02325246
0.13030343	1.99858276	0.02305226
0.13076549	1.97197966	0.02286638
0.13122756	1.95651644	0.02274500
0.13168963	1.93554373	0.02259133
0.13215170	1.96150182	0.02271103
0.13261377	1.96415743	0.02269481
0.13307584	1.91642196	0.02238650
0.13353791	1.90293382	0.02227707
0.13399998	1.91565894	0.02232080
0.13446205	1.93152517	0.02238261
0.13492411	1.90292934	0.02218583
0.13538618	1.91460218	0.02222358
0.13584825	1.87936858	0.02198841
0.13631032	1.84069097	0.02173155
0.13677239	1.84232875	0.02171206
0.13723446	1.85158958	0.02173709
0.13769653	1.85183245	0.02170942
0.13815860	1.85051205	0.02167274
0.13862067	1.82632492	0.02150192
0.13908273	1.82075282	0.02144066
0.13954480	1.85735590	0.02162616
0.14000687	1.83599925	0.02147307
0.14046894	1.78051556	0.02111828
0.14093101	1.76471531	0.02099669
0.14139308	1.76514121	0.02097176
0.14185515	1.76686902	0.02095450
0.14231722	1.75411025	0.02085158
0.14277929	1.79371280	0.02105796
0.14324135	1.79026597	0.02101039
0.14370342	1.77143174	0.02087257
0.14416549	1.72645820	0.02057923
0.14462756	1.73068641	0.02057797
0.14508963	1.73810695	0.02059530
0.14555170	1.70046793	0.02034496
0.14601377	1.70663251	0.02035578
0.14647584	1.69640765	0.02026877
0.14693791	1.67291552	0.02010241
0.14739997	1.67785131	0.02010627
0.14786204	1.69453420	0.02018040
0.14832411	1.71119951	0.02025381
0.14878618	1.65381757	0.01988620
0.14924825	1.64873132	0.01983071
0.14971032	1.64700070	0.01979725
0.15017239	1.63359183	0.01968984
0.15063446	1.67890503	0.01993616
0.15109653	1.62634218	0.01959715
0.15155859	1.63456169	0.01962228
0.15202066	1.64177711	0.01964111
0.15248273	1.60870935	0.01941838
0.15294480	1.59545738	0.01931418
0.15340687	1.61754211	0.01942346
0.15386894	1.54632242	0.01896779
0.15433101	1.57663412	0.01912930
0.15479308	1.59999531	0.01924705
0.15525515	1.56645948	0.01902087
0.15571721	1.58043127	0.01908229
0.15617928	1.53092211	0.01875828
0.15664135	1.51676391	0.01864871
0.15710342	1.50978617	0.01858339
0.15756549	1.50678306	0.01854235
0.15802756	1.47803072	0.01834253
0.15848963	1.51981743	0.01857775
0.15895170	1.53076791	0.01862223
0.15941377	1.50566479	0.01844694
0.15987583	1.51367615	0.01847554
0.16033790	1.47649575	0.01830600
0.16079997	1.47858995	0.01888956
0.16126204	1.44204346	0.01900402
0.16172411	1.46571262	0.01932856
0.16218618	1.44080694	0.01926006
0.16264825	1.48501021	0.01963738
0.16311032	1.43029333	0.01934488
0.16357239	1.41959720	0.01933791
0.16403445	1.42545317	0.01943786
0.16449652	1.47069312	0.01980022
0.16495859	1.44090407	0.01965076
0.16542066	1.44718988	0.01974218
0.16588273	1.39777760	0.01953442
0.16634480	1.42399618	0.02055530
0.16680687	1.41876109	0.02110226
0.16726894	1.35816849	0.02110541
0.16773101	1.42654263	0.02205219
0.16819307	1.41802744	0.02238041
0.16865514	1.41673063	0.02274767
0.16911721	1.38723349	0.02287267
0.16957928	1.38682541	0.02322558
0.17004135	1.36662247	0.02334511
0.17050342	1.33991890	0.02331050
0.17096549	1.33599808	0.02346614
0.17142756	1.31261608	0.02344492
0.17188963	1.30572304	0.02356531
0.17235169	1.38012843	0.02441243
0.17281376	1.37444526	0.02454498
0.17327583	1.29330492	0.02398545
0.17373790	1.38443442	0.02499704
0.17419997	1.33478307	0.02472146
0.17466204	1.32371331	0.02479410
0.17512411	1.32993171	0.02502755
0.17558618	1.32375794	0.02514394
0.17604825	1.31535198	0.02523782
0.17651031	1.31673738	0.02542503
0.17697238	1.31889497	0.02562295
0.17743445	1.28752098	0.02548927
0.17789652	1.25980098	0.02538075
0.17835859	1.24678655	0.02541969
0.17882066	1.27945423	0.02592371
0.17928273	1.24965609	0.02579183
0.17974480	1.25908115	0.02606911
0.18020687	1.21655895	0.02578925
0.18066893	1.23007426	0.02610501
0.18113100	1.23668193	0.02634940
0.18159307	1.23324104	0.02648793
0.18205514	1.28159187	0.02718198
0.18251721	1.21878149	0.02668410
0.18297928	1.26373346	0.02735287
0.18344135	1.22823513	0.02714595
0.18390342	1.27592541	0.02785290
0.18436549	1.21665268	0.02738042
0.18482755	1.17545668	0.02709353
0.18528962	1.13878198	0.02684698
0.18575169	1.23229481	0.02811602
0.18621376	1.18261044	0.02772990
0.18667583	1.16730614	0.02773709
0.18713790	1.21290524	0.02846652
0.18759997	1.21614284	0.02869974
0.18806204	1.21571038	0.02889206
0.18852411	1.24010923	0.02938226
0.18898617	1.22550030	0.02941161
0.18944824	1.20746666	0.02939831
0.18991031	1.17322342	0.02918197
0.19037238	1.21046871	0.02985096
0.19083445	1.15391474	0.02935244
0.19129652	1.16824295	0.02974537
0.19175859	1.22368325	0.03066220
0.19222066	1.15869340	0.03005320
0.19268273	1.17620720	0.03050060
0.19314479	1.21808642	0.03126720
0.19360686	1.23768301	0.03175139
0.19406893	1.10690890	0.03025155
0.19453100	1.15740997	0.03116703
0.19499307	1.10660635	0.03070693
0.19545514	1.11911248	0.03111669
0.19591721	1.13759329	0.03161525
0.19637928	1.12857619	0.03173556
0.19684135	1.10590668	0.03166285
0.19730341	1.06815697	0.03136548
0.19776548	1.07105584	0.03166057
0.19822755	1.07797554	0.03202076
0.19868962	1.06081182	0.03202568
0.19915169	1.11162777	0.03305596
0.19961376	1.13696990	0.03371132
0.20007583	1.16005498	0.03434106
0.20053790	1.14191240	0.03436429
0.20099997	1.10815392	0.03414701
0.20146203	1.05920026	0.03367830
0.20192410	1.17077301	0.03572354
0.20238617	1.11341047	0.03515226
0.20284824	1.12469419	0.03565353
0.20331031	1.14083064	0.03624183
0.20377238	1.06490288	0.03534477
0.20423445	1.09858771	0.03624239
0.20469652	1.11313493	0.03683525
0.20515859	0.99954756	0.03524888
0.20562065	1.07237394	0.03687538
0.20608272	1.02972959	0.03650173
0.20654479	1.09881019	0.03809547
0.20700686	1.07740633	0.03811855
0.20746893	1.07330864	0.03845222
0.20793100	1.05446339	0.03852728
0.20839307	1.01006984	0.03812470
0.20885514	1.12886030	0.04075842
0.20931721	1.04802207	0.03972295
0.20977927	1.05879334	0.04039406
0.21024134	1.06547930	0.04100542
0.21070341	1.07646166	0.04171872
0.21116548	0.98925060	0.04049104
0.21162755	1.05425005	0.04233197
0.21208962	0.97813670	0.04130569
0.21255169	1.05491272	0.04346713
0.21301376	1.06947052	0.04436245
0.21347583	1.10029647	0.04562551
0.21393789	1.16961677	0.04771419
0.21439996	1.06057580	0.04610303
0.21486203	0.95386773	0.04438179
0.21532410	0.96091078	0.04523596
0.21578617	1.00926802	0.04709965
0.21624824	1.04843552	0.04879329
0.21671031	1.11063126	0.05106991
0.21717238	1.04647632	0.05043899
0.21763445	1.12738921	0.05329752
0.21809651	0.96957169	0.05034927
0.21855858	1.04552402	0.05329518
0.21902065	1.09872371	0.05573008
0.21948272	0.97283191	0.05353284
0.21994479	0.95432082	0.05417065
0.22040686	1.04833463	0.05805950
0.22086893	0.92931844	0.05595500
0.22133100	0.94167513	0.05771759
0.22179307	0.92541154	0.05870039
0.22225513	1.03754401	0.06385018
0.22271720	1.14731179	0.06907452
0.22317927	1.07280070	0.06882764
0.22364134	0.93931571	0.06648628
0.22410341	1.09443115	0.07424152
0.22456548	0.90261754	0.06991396
0.22502755	0.94219578	0.07427360
0.22548962	0.97874502	0.07896644
0.22595169	1.11514109	0.08825974
0.22641375	1.09002527	0.09178724
0.22687582	1.16853683	0.10052381
0.22733789	0.64904058	0.07979795
0.22779996	0.97573754	0.10515341
0.22826203	0.87135125	0.10808211
0.22872410	0.89610687	0.12123693
0.22918617	1.25089399	0.16250171
0.22964824	0.75952575	0.14989961
0.23011031	0.88441805	0.20892739
