0.00646896	20.83616974	2.04022388
0.00693103	27.62080473	0.27820927
0.00739310	31.97965025	0.23403138
0.00785517	25.40536818	0.20007204
0.00831724	21.29846398	0.17718798
0.00877931	17.73982512	0.15649525
0.00924138	15.43245863	0.14129222
0.00970345	13.36197869	0.12810834
0.01016552	11.43394040	0.11570119
0.01062758	10.31660594	0.10716965
0.01108965	8.78081925	0.09658654
0.01155172	7.85491156	0.08925173
0.01201379	7.14274108	0.08331018
0.01247586	6.42595454	0.07744619
0.01293793	5.66963678	0.07135357
0.01340000	5.22527498	0.06726902
0.01386207	4.63082048	0.06220142
0.01432414	4.41732918	0.05972890
0.01478620	4.04609272	0.05624289
0.01524827	3.77928638	0.05345859
0.01571034	3.42455628	0.05011033
0.01617241	3.12276240	0.04713384
0.01663448	3.08011518	0.04613655
0.01709655	2.89591182	0.04409912
0.01755862	2.69944120	0.04274279
0.01802069	2.62432596	0.04270795
0.01848276	2.46723835	0.04150773
0.01894482	2.45249313	0.04137242
0.01940689	2.24322694	0.03945682
0.01986896	2.20372786	0.03897331
0.02033103	2.12730698	0.03815366
0.02079310	2.04043860	0.03721187
0.02125517	2.00626159	0.03672419
0.02171724	1.90777170	0.03564231
0.02217931	1.88415886	0.03523710
0.02264138	1.79644607	0.03422859
0.02310344	1.77745535	0.03386577
0.02356551	1.74711253	0.03338919
0.02402758	1.74892479	0.03321865
0.02448965	1.75319000	0.03308367
0.02495172	1.63749063	0.03179914
0.02541379	1.65886661	0.03182987
0.02587586	1.70906461	0.03212604
0.02633793	1.65955602	0.03148642
0.02680000	1.60613879	0.03079913
0.02726206	1.64046853	0.03096171
0.02772413	1.65517542	0.03092556
0.02818620	1.62733637	0.03049546
0.02864827	1.58506614	0.02993908
0.02911034	1.55280292	0.02947155
0.02957241	1.63728247	0.03009660
0.03003448	1.64413407	0.03000445
0.03049655	1.65548773	0.02994992
0.03095862	1.67711073	0.02998361
0.03142068	1.71934219	0.03020505
0.03188275	1.71593675	0.03001420
0.03234482	1.69456523	0.02967458
0.03280689	1.74227227	0.02993270
0.03326896	1.70784054	0.02948759
0.03373103	1.74525224	0.02965983
0.03419310	1.77584918	0.02977502
0.03465517	1.82347235	0.03002131
0.03511724	1.81740068	0.02982371
0.03557930	1.79991172	0.02953779
0.03604137	1.83785007	0.03035696
0.03650344	1.87736131	0.03115923
0.03696551	1.92441578	0.03176422
0.03742758	1.90262257	0.03166374
0.03788965	1.98158185	0.03233186
0.03835172	2.00392033	0.03261281
0.03881379	2.01711129	0.03288157
0.03927586	2.12259834	0.03387777
0.03973792	2.18239304	0.03448539
0.04019999	2.20513241	0.03470473
0.04066206	2.18359321	0.03448990
0.04112413	2.21571897	0.03469361
0.04158620	2.20932478	0.03459083
0.04204827	2.28384328	0.03511204
0.04251034	2.30565768	0.03521945
0.04297241	2.37561788	0.03568529
0.04343448	2.47556591	0.03636114
0.04389654	2.58441396	0.03708158
0.04435861	2.60199604	0.03713499
0.04482068	2.64747427	0.03738399
0.04528275	2.74410386	0.03798276
0.04574482	2.78425077	0.03818141
0.04620689	2.76809554	0.03799019
0.04666896	2.92485220	0.03896857
0.04713103	3.06072997	0.03977872
0.04759310	3.09305892	0.03990194
0.04805516	3.17637134	0.04034849
0.04851723	3.26443547	0.04081371
0.04897930	3.37821781	0.04142767
0.04944137	3.47729682	0.04193819
0.04990344	3.65369131	0.04289319
0.05036551	3.67747109	0.04293713
0.05082758	3.78330477	0.04345234
0.05128965	3.93911335	0.04423885
0.05175172	4.04672232	0.04473856
0.05221378	4.25575146	0.04577620
0.05267585	4.61744298	0.04757481
0.05313792	4.94597261	0.04912691
0.05359999	5.24166497	0.05046068
0.05406206	5.60678016	0.05206971
0.05452413	5.96521337	0.05358709
0.05498620	6.31122671	0.05499539
0.05544827	6.58720249	0.05605799
0.05591034	6.79486297	0.05680707
0.05637240	7.35038252	0.05894937
0.05683447	7.98643546	0.06130887
0.05729654	8.46804234	0.06298888
0.05775861	9.15327948	0.06534074
0.05822068	10.02809547	0.06823936
0.05868275	11.06142291	0.07150727
0.05914482	12.24992683	0.07508306
0.05960689	13.94209038	0.07992302
0.06006896	16.22104602	0.08601612
0.06053102	18.34678699	0.09127647
0.06099309	21.39741954	0.09835454
0.06145516	26.09034515	0.10836723
0.06191723	35.86278730	0.12676906
0.06237930	53.64720962	0.15470658
0.06284137	87.79164416	0.19747437
0.06330344	136.71867394	0.24589244
0.06376551	185.51279339	0.28580754
0.06422758	223.32881718	0.31289935
0.06468964	242.39412893	0.32527473
0.06515171	241.10285424	0.32370648
0.06561378	218.78502319	0.30769442
0.06607585	179.89974081	0.27841587
0.06653792	136.02721451	0.24157422
0.06699999	98.06331249	0.20467367
0.06746206	65.60266148	0.16704878
0.06792413	38.93050233	0.12841108
0.06838620	23.84796733	0.10029153
0.06884826	16.07163512	0.08215757
0.06931033	12.14377151	0.07126604
0.06977240	9.95878553	0.06440030
0.07023447	8.71167654	0.06010703
0.07069654	7.85890359	0.05697051
0.07115861	7.33609315	0.05492822
0.07162068	6.87855374	0.05307790
0.07208275	6.48732086	0.05143885
0.07254482	6.21370427	0.05023873
0.07300688	6.00380601	0.04928166
0.07346895	5.58393213	0.04742977
0.07393102	5.42299597	0.04664624
0.07439309	5.19048578	0.04554223
0.07485516	5.02852181	0.04473565
0.07531723	4.77506057	0.04350479
0.07577930	4.71076910	0.04312386
0.07624137	4.54394897	0.04226865
0.07670344	4.37072492	0.04137203
0.07716550	4.19022708	0.04042836
0.07762757	4.11027428	0.03996055
0.07808964	3.99112600	0.03929912
0.07855171	3.83922133	0.03846809
0.07901378	3.71714869	0.03777699
0.07947585	3.57183278	0.03695890
0.07993792	3.57976640	0.03692700
0.08039999	3.35281362	0.03566772
0.08086206	3.26752221	0.03514289
0.08132412	3.21965984	0.03481700
0.08178619	3.10850025	0.03414495
0.08224826	2.96551288	0.03328613
0.08271033	2.93007858	0.03302362
0.08317240	2.90313989	0.03280818
0.08363447	2.85518750	0.03247418
0.08409654	2.78173076	0.03199311
0.08455861	2.66940408	0.03128117
0.08502067	2.63443781	0.03101735
0.08548274	2.58246370	0.03065173
0.08594481	2.48541384	0.03001401
0.08640688	2.42747205	0.02960691
0.08686895	2.40258085	0.02939991
0.08733102	2.36768951	0.02913180
0.08779309	2.28546941	0.02856823
0.08825516	2.27317421	0.02843890
0.08871723	2.18107394	0.02780583
0.08917929	2.15262290	0.02757334
0.08964136	2.09681058	0.02716413
0.09010343	2.09005280	0.02707095
0.09056550	2.04621226	0.02673729
0.09102757	1.96576157	0.02615874
0.09148964	1.93843899	0.02592959
0.09195171	1.89394222	0.02558446
0.09241378	1.89006658	0.02551253
0.09287585	1.82149830	0.02500109
0.09333791	1.81469531	0.02490970
0.09379998	1.82088740	0.02490805
0.09426205	1.73968437	0.02430350
0.09472412	1.74188346	0.02427606
0.09518619	1.71537265	0.02404858
0.09564826	1.64717189	0.02352418
0.09611033	1.64341867	0.02345651
0.09657240	1.60537358	0.02314326
0.09703447	1.64115272	0.02335924
0.09749653	1.60848860	0.02308589
0.09795860	1.57215521	0.02278435
0.09842067	1.53874398	0.02250254
0.09888274	1.54573918	0.02251481
0.09934481	1.49888844	0.02213324
0.09980688	1.44475217	0.02169311
0.10026895	1.46290374	0.02179197
0.10073102	1.46384070	0.02176237
0.10119309	1.42672017	0.02144827
0.10165515	1.42654094	0.02141101
0.10211722	1.38862245	0.02108934
0.10257929	1.37302193	0.02093559
0.10304136	1.38879255	0.02102068
0.10350343	1.36340272	0.02079291
0.10396550	1.31029002	0.02035030
0.10442757	1.32761004	0.02045074
0.10488964	1.32336059	0.02038450
0.10535171	1.30675998	0.02022326
0.10581377	1.29094332	0.02006768
0.10627584	1.27950098	0.01994627
0.10673791	1.25964614	0.01975861
0.10719998	1.26371892	0.01975858
0.10766205	1.21779243	0.01936511
0.10812412	1.21434997	0.01930664
0.10858619	1.19237455	0.01910070
0.10904826	1.20973594	0.01920833
0.10951033	1.24502194	0.01945549
0.10997239	1.27218286	0.01963547
0.11043446	1.33163373	0.02005725
0.11089653	1.46179867	0.02098171
0.11135860	1.67554045	0.02242778
0.11182067	1.83409871	0.02342827
0.11228274	2.01592893	0.02452389
0.11274481	2.20206823	0.02559116
0.11320688	2.24781646	0.02581565
0.11366895	2.14727251	0.02519254
0.11413101	1.93868643	0.02390095
0.11459308	1.71763765	0.02246224
0.11505515	1.45283165	0.02062663
0.11551722	1.23994893	0.01902654
0.11597929	1.12061866	0.01806021
0.11644136	1.06341673	0.01756662
0.11690343	1.03400950	0.01729555
0.11736550	1.06681465	0.01754122
0.11782757	0.99205446	0.01689001
0.11828963	0.99940977	0.01692699
0.11875170	0.99683917	0.01687998
0.11921377	0.95341194	0.01648333
0.11967584	0.95364615	0.01646082
0.12013791	0.94174984	0.01633357
0.12059998	0.95221418	0.01639971
0.12106205	0.93738482	0.01624756
0.12152412	0.92945311	0.01615465
0.12198619	0.93755124	0.01620108
0.12244825	0.92463532	0.01606556
0.12291032	0.90358453	0.01585843
0.12337239	0.90925373	0.01588500
0.12383446	0.90798641	0.01585082
0.12429653	0.89108922	0.01568001
0.12475860	0.86449504	0.01542177
0.12522067	0.89810108	0.01569602
0.12568274	0.91479821	0.01581857
0.12614481	0.91347862	0.01578447
0.12660687	0.87738652	0.01544751
0.12706894	0.86039559	0.01527523
0.12753101	0.84986902	0.01515995
0.12799308	0.86024982	0.01523069
0.12845515	0.85694794	0.01517993
0.12891722	0.85218481	0.01511644
0.12937929	0.86851992	0.01523902
0.12984136	0.84790117	0.01503597
0.13030343	0.84692859	0.01500638
0.13076549	0.83141349	0.01484755
0.13122756	0.82314949	0.01475311
0.13168963	0.79826197	0.01450818
0.13215170	0.77871727	0.01430976
0.13261377	0.77694128	0.01427357
0.13307584	0.76279440	0.01412357
0.13353791	0.73982276	0.01389025
0.13399998	0.77443798	0.01419201
0.13446205	0.72358802	0.01369955
0.13492411	0.76418699	0.01405931
0.13538618	0.73552608	0.01377443
0.13584825	0.73758778	0.01377510
0.13631032	0.73689022	0.01374997
0.13677239	0.72274412	0.01359909
0.13723446	0.74837796	0.01381941
0.13769653	0.73501132	0.01367711
0.13815860	0.70721646	0.01339813
0.13862067	0.69408477	0.01325545
0.13908273	0.68863430	0.01318582
0.13954480	0.70187735	0.01329421
0.14000687	0.67876505	0.01305623
0.14046894	0.67725235	0.01302449
0.14093101	0.65518002	0.01279363
0.14139308	0.65361824	0.01276166
0.14185515	0.67958198	0.01299559
0.14231722	0.64827780	0.01267626
0.14277929	0.65757144	0.01275003
0.14324135	0.64212979	0.01258307
0.14370342	0.66923599	0.01282931
0.14416549	0.66335374	0.01275627
0.14462756	0.66321441	0.01273856
0.14508963	0.65680801	0.01266045
0.14555170	0.66048257	0.01267953
0.14601377	0.63695765	0.01243578
0.14647584	0.65282529	0.01257364
0.14693791	0.65676255	0.01259550
0.14739997	0.61808041	0.01220330
0.14786204	0.64296458	0.01243077
0.14832411	0.67695307	0.01273901
0.14878618	0.64766859	0.01244470
0.14924825	0.65363017	0.01248617
0.14971032	0.63919972	0.01233321
0.15017239	0.62167836	0.01214656
0.15063446	0.61895352	0.01210480
0.15109653	0.63605089	0.01225555
0.15155859	0.63379756	0.01221867
0.15202066	0.61606804	0.01203160
0.15248273	0.63964756	0.01224460
0.15294480	0.60707414	0.01191392
0.15340687	0.61117675	0.01193939
0.15386894	0.61244561	0.01193715
0.15433101	0.60608943	0.01186047
0.15479308	0.63720633	0.01214633
0.15525515	0.59655779	0.01173808
0.15571721	0.60809687	0.01183666
0.15617928	0.61125782	0.01185301
0.15664135	0.60246646	0.01175321
0.15710342	0.59959276	0.01171104
0.15756549	0.59129867	0.01161563
0.15802756	0.61429868	0.01182517
0.15848963	0.60153026	0.01168762
0.15895170	0.60703650	0.01172693
0.15941377	0.59761369	0.01162172
0.15987583	0.60820637	0.01171133
0.16033790	0.58533387	0.01152602
0.16079997	0.58677107	0.01189960
0.16126204	0.59572238	0.01221457
0.16172411	0.58433709	0.01220413
0.16218618	0.59898775	0.01241834
0.16264825	0.60623055	0.01254694
0.16311032	0.57806133	0.01229817
0.16357239	0.59508636	0.01252037
0.16403445	0.60091609	0.01262057
0.16449652	0.56883280	0.01231406
0.16495859	0.57962868	0.01246341
0.16542066	0.58813965	0.01258556
0.16588273	0.58700905	0.01265913
0.16634480	0.61820560	0.01354366
0.16680687	0.58802513	0.01358540
0.16726894	0.60105924	0.01404028
0.16773101	0.60088641	0.01431217
0.16819307	0.66312420	0.01530464
0.16865514	0.63392774	0.01521644
0.16911721	0.60181933	0.01506521
0.16957928	0.59695594	0.01523796
0.17004135	0.62847615	0.01583128
0.17050342	0.68476964	0.01666420
0.17096549	0.74451991	0.01751769
0.17142756	0.81630604	0.01848870
0.17188963	0.94626973	0.02006111
0.17235169	1.06738827	0.02146903
0.17281376	1.06894190	0.02164591
0.17327583	0.99177573	0.02100410
0.17373790	1.00422926	0.02128966
0.17419997	0.81693281	0.01934025
0.17466204	0.73575900	0.01848499
0.17512411	0.69732958	0.01812269
0.17558618	0.63036542	0.01735103
0.17604825	0.59429847	0.01696419
0.17651031	0.60244829	0.01719775
0.17697238	0.61464911	0.01749193
0.17743445	0.57635916	0.01705402
0.17789652	0.56206280	0.01695298
0.17835859	0.57402434	0.01724802
0.17882066	0.57246310	0.01734038
0.17928273	0.56373210	0.01732300
0.17974480	0.59554823	0.01792907
0.18020687	0.55647283	0.01744191
0.18066893	0.58190867	0.01795501
0.18113100	0.54797477	0.01753969
0.18159307	0.54613704	0.01762685
0.18205514	0.52421019	0.01738437
0.18251721	0.53585190	0.01769343
0.18297928	0.53043129	0.01772106
0.18344135	0.55475082	0.01824371
0.18390342	0.55407994	0.01835456
0.18436549	0.51591859	0.01782984
0.18482755	0.50396061	0.01774028
0.18528962	0.52713340	0.01826566
0.18575169	0.54096577	0.01862865
0.18621376	0.53852642	0.01871246
0.18667583	0.52613044	0.01862153
0.18713790	0.51655325	0.01857713
0.18759997	0.52264220	0.01881429
0.18806204	0.50452743	0.01861255
0.18852411	0.53833056	0.01935886
0.18898617	0.51520627	0.01907009
0.18944824	0.53675276	0.01960072
0.18991031	0.52671610	0.01955296
0.19037238	0.48103108	0.01881777
0.19083445	0.46790855	0.01869123
0.19129652	0.51495309	0.01974862
0.19175859	0.53230200	0.02022311
0.19222066	0.47850816	0.01931306
0.19268273	0.51365986	0.02015600
0.19314479	0.52580715	0.02054297
0.19360686	0.52813479	0.02074104
0.19406893	0.47136068	0.01974096
0.19453100	0.50486959	0.02058455
0.19499307	0.50993470	0.02084477
0.19545514	0.53931563	0.02160120
0.19591721	0.53040012	0.02158763
0.19637928	0.53308454	0.02181116
0.19684135	0.51262228	0.02155706
0.19730341	0.49568821	0.02136676
0.19776548	0.58190310	0.02333663
0.19822755	0.50605171	0.02193940
0.19868962	0.53536662	0.02275123
0.19915169	0.47488837	0.02160558
0.19961376	0.48268826	0.02196518
0.20007583	0.45780628	0.02157324
0.20053790	0.46591978	0.02195061
0.20099997	0.52346037	0.02346900
0.20146203	0.47654159	0.02258976
0.20192410	0.46007755	0.02239410
0.20238617	0.47560800	0.02297472
0.20284824	0.44090216	0.02232320
0.20331031	0.49812461	0.02394796
0.20377238	0.48629824	0.02388479
0.20423445	0.47184447	0.02375193
0.20469652	0.47485186	0.02405852
0.20515859	0.41083478	0.02259837
0.20562065	0.48235829	0.02473137
0.20608272	0.46123966	0.02442954
0.20654479	0.42046697	0.02356557
0.20700686	0.47548229	0.02532292
0.20746893	0.42928539	0.02431824
0.20793100	0.47451098	0.02584495
0.20839307	0.41097626	0.02431863
0.20885514	0.48149409	0.02661906
0.20931721	0.45135595	0.02606849
0.20977927	0.49052957	0.02749442
0.21024134	0.44005761	0.02635260
0.21070341	0.46198682	0.02733043
0.21116548	0.46757558	0.02783759
0.21162755	0.47549939	0.02842966
0.21208962	0.47228477	0.02870200
0.21255169	0.53466187	0.03094513
0.21301376	0.49597740	0.03021079
0.21347583	0.38594270	0.02702180
0.21393789	0.45552288	0.02977700
0.21439996	0.50354707	0.03176718
0.21486203	0.43313093	0.02990683
0.21532410	0.48223536	0.03204585
0.21578617	0.47713245	0.03238425
0.21624824	0.44174075	0.03167182
0.21671031	0.43430007	0.03193560
0.21717238	0.44751991	0.03298435
0.21763445	0.53677471	0.03677614
0.21809651	0.47979543	0.03541859
0.21855858	0.41599341	0.03361740
0.21902065	0.44122602	0.03531636
0.21948272	0.48678279	0.03786771
0.21994479	0.50363747	0.03935282
0.22040686	0.42754594	0.03707786
0.22086893	0.49441864	0.04081352
0.22133100	0.44728363	0.03977857
0.22179307	0.47970595	0.04226308
0.22225513	0.44780786	0.04194737
0.22271720	0.41493147	0.04153989
0.22317927	0.46632659	0.04537832
0.22364134	0.50119443	0.04856567
0.22410341	0.57475702	0.05380155
0.22456548	0.38558385	0.04569529
0.22502755	0.45954120	0.05187118
0.22548962	0.39913716	0.05042767
0.22595169	0.37082717	0.05089598
0.22641375	0.69802606	0.07345136
0.22687582	0.45948568	0.06303529
0.22733789	0.46090103	0.06724495
0.22779996	0.73082233	0.09100448
0.22826203	0.58807608	0.08879202
0.22872410	0.66695827	0.10459342
0.22918617	0.68574386	0.12031745
0.22964824	0.46576896	0.11738552
0.23011031	0.36711030	0.13460614
