0.00372449	0.00000000	0.00000000
0.00419005	0.01715419	0.02438174
0.00465561	0.05176198	0.03025781
0.00512117	0.06368229	0.02672258
0.00558674	0.09541854	0.02863126
0.00605230	6.70864569	0.19754014
0.00651786	15.50138233	0.25524137
0.00698342	20.55256032	0.26402485
0.00744898	19.63214223	0.23620882
0.00791454	14.56035189	0.18832135
0.00838010	10.41454974	0.14764545
0.00884567	8.04484011	0.12053083
0.00931123	6.61334636	0.10149964
0.00977679	5.46906560	0.08418034
0.01024235	4.63040377	0.07295003
0.01070791	4.21655821	0.06792219
0.01117347	3.76626408	0.06285795
0.01163903	3.43432750	0.05861980
0.01210459	3.29167992	0.05619106
0.01257016	2.99182118	0.05249756
0.01303572	2.77065774	0.04952878
0.01350128	2.66820949	0.04773495
0.01396684	2.55038168	0.04586881
0.01443240	2.46639511	0.04432078
0.01489796	2.30387918	0.04211008
0.01536352	2.15108694	0.04005155
0.01582909	2.16362888	0.03956471
0.01629465	2.20001096	0.03928795
0.01676021	2.08364257	0.03766684
0.01722577	2.06378016	0.03695821
0.01769133	1.99845209	0.03586987
0.01815689	2.01963960	0.03626945
0.01862245	2.10998753	0.03754427
0.01908801	2.08733105	0.03742181
0.01955358	2.19103666	0.03831544
0.02001914	2.14009666	0.03778225
0.02048470	2.14232186	0.03769247
0.02095026	2.24561240	0.03842777
0.02141582	2.33529613	0.03903457
0.02188138	2.29613600	0.03852678
0.02234694	2.40723274	0.03926917
0.02281251	2.51196532	0.03991957
0.02327807	2.63975133	0.04070748
0.02374363	2.74439685	0.04129026
0.02420919	2.84079525	0.04179945
0.02467475	2.94722112	0.04234163
0.02514031	3.16505471	0.04364759
0.02560587	3.33223933	0.04454550
0.02607143	3.49690593	0.04537799
0.02653700	3.71538366	0.04651898
0.02700256	3.98988690	0.04795995
0.02746812	4.33685438	0.04973916
0.02793368	4.73560347	0.05168730
0.02839924	5.16837129	0.05371976
0.02886480	5.75475606	0.05636603
0.02933036	6.46466946	0.05943558
0.02979592	7.02241292	0.06162087
0.03026149	8.02841657	0.06553038
0.03072705	8.94154211	0.06879394
0.03119261	10.21115271	0.07315308
0.03165817	11.39657841	0.07688173
0.03212373	13.53191499	0.08336579
0.03258929	15.78639724	0.08967211
0.03305485	19.76728941	0.10289398
0.03352042	25.67611183	0.11868637
0.03398598	33.29325170	0.13592230
0.03445154	42.73869527	0.15441639
0.03491710	54.19791867	0.17405219
0.03538266	68.81001548	0.19613278
0.03584822	90.61722712	0.22597541
0.03631378	130.77561219	0.27256741
0.03677934	208.74811164	0.34568350
0.03724491	330.74504435	0.43663477
0.03771047	458.93427268	0.51475274
0.03817603	504.87241374	0.53905774
0.03864159	439.94259926	0.50222353
0.03910715	317.51977270	0.42588210
0.03957271	197.77849757	0.33548500
0.04003827	112.42392192	0.25242502
0.04050384	64.64293877	0.19103234
0.04096940	40.69055721	0.15121496
0.04143496	28.78542942	0.12691199
0.04190052	22.12578116	0.11102795
0.04236608	18.01135416	0.09994763
0.04283164	15.43434420	0.09232123
0.04329720	13.45250686	0.08597780
0.04376276	12.19684800	0.08167843
0.04422833	11.02777142	0.07748878
0.04469389	10.15813576	0.07419339
0.04515945	9.33288313	0.07095493
0.04562501	8.66682071	0.06820178
0.04609057	7.94954208	0.06516285
0.04655613	7.54967260	0.06335469
0.04702169	7.10821940	0.06132422
0.04748726	6.79186239	0.05980594
0.04795282	6.34314748	0.05764724
0.04841838	5.94368141	0.05566734
0.04888394	5.79371351	0.05483127
0.04934950	5.37906480	0.05269593
0.04981506	5.06631113	0.05101872
0.05028062	4.90560237	0.05008295
0.05074618	4.78910581	0.04936424
0.05121175	4.54690336	0.04798681
0.05167731	4.30505408	0.04657255
0.05214287	4.18438557	0.04580530
0.05260843	4.00166224	0.04468754
0.05307399	3.88316356	0.04391400
0.05353955	3.85126170	0.04363133
0.05400511	3.63333978	0.04227031
0.05447068	3.48833477	0.04131956
0.05493624	3.42444424	0.04084314
0.05540180	3.29067501	0.03994087
0.05586736	3.28958644	0.03984233
0.05633292	3.16206842	0.03896348
0.05679848	3.09267808	0.03844255
0.05726404	2.97169055	0.03759573
0.05772960	2.94645554	0.03734631
0.05819517	2.93414394	0.03718368
0.05866073	2.87446799	0.03671161
0.05912629	2.83792151	0.03639223
0.05959185	2.73426296	0.03563993
0.06005741	2.83200244	0.03618567
0.06052297	2.66517651	0.03502541
0.06098853	2.68105814	0.03504314
0.06145410	2.66674417	0.03486880
0.06191966	2.76691487	0.03543806
0.06238522	2.76836048	0.03536469
0.06285078	2.82018516	0.03561601
0.06331634	2.90612835	0.03606708
0.06378190	3.10700278	0.03720784
0.06424746	3.34527922	0.03852333
0.06471302	3.87685791	0.04137191
0.06517859	4.52090453	0.04457707
0.06564415	5.80551270	0.05040339
0.06610971	7.08749093	0.05556610
0.06657527	8.04367818	0.05906818
0.06704083	8.23532651	0.05962697
0.06750639	7.67352359	0.05743109
0.06797195	6.29329617	0.05189773
0.06843752	5.05558100	0.04641234
0.06890308	4.16658869	0.04204550
0.06936864	3.51704972	0.03854009
0.06983420	3.17419467	0.03653438
0.07029976	3.14275334	0.03627595
0.07076532	3.02369093	0.03550467
0.07123088	2.98274408	0.03519044
0.07169644	2.97130069	0.03504309
0.07216201	2.93297205	0.03474232
0.07262757	2.79885288	0.03386821
0.07309313	2.72601074	0.03335291
0.07355869	2.63669337	0.03273544
0.07402425	2.60273120	0.03245138
0.07448981	2.47016783	0.03154799
0.07495537	2.36360268	0.03079723
0.07542094	2.26450869	0.03008108
0.07588650	2.19615937	0.02956479
0.07635206	2.26742380	0.02997485
0.07681762	2.30447645	0.03015648
0.07728318	2.27096482	0.02987678
0.07774874	2.18976058	0.02927421
0.07821430	2.04129210	0.02820751
0.07867986	1.88869421	0.02707852
0.07914543	1.77991618	0.02623381
0.07961099	1.62778229	0.02503870
0.08007655	1.55082231	0.02438764
0.08054211	1.51878347	0.02408658
0.08100767	1.46956819	0.02364678
0.08147323	1.37971580	0.02286666
0.08193879	1.26456218	0.02184980
0.08240436	1.29214844	0.02204070
0.08286992	1.26397970	0.02175658
0.08333548	1.20528403	0.02120472
0.08380104	1.18165847	0.02095452
0.08426660	1.13389366	0.02048822
0.08473216	1.09679350	0.02010891
0.08519772	1.09964161	0.02009629
0.08566328	1.08447093	0.01991972
0.08612885	1.02307734	0.01931014
0.08659441	0.99123942	0.01897244
0.08705997	1.00202830	0.01903696
0.08752553	0.97436383	0.01873677
0.08799109	0.96801074	0.01864124
0.08845665	0.94960386	0.01842787
0.08892221	0.88480230	0.01775604
0.08938777	0.87341451	0.01760646
0.08985334	0.89649848	0.01780431
0.09031890	0.88054903	0.01761342
0.09078446	0.82752568	0.01704141
0.09125002	0.83836399	0.01712137
0.09171558	0.86567934	0.01736661
0.09218114	0.83128076	0.01698676
0.09264670	0.81791831	0.01681992
0.09311227	0.79842469	0.01658626
0.09357783	0.76078371	0.01616146
0.09404339	0.79511579	0.01649283
0.09450895	0.78702279	0.01637891
0.09497451	0.77118100	0.01618516
0.09544007	0.76252612	0.01606360
0.09590563	0.74457720	0.01584528
0.09637119	0.74820376	0.01585623
0.09683676	0.76070133	0.01595951
0.09730232	0.74212805	0.01573671
0.09776788	0.75841358	0.01587882
0.09823344	0.77325660	0.01600542
0.09869900	0.80810152	0.01633420
0.09916456	0.81646910	0.01638958
0.09963012	0.87107916	0.01690065
0.10009569	0.93446524	0.01747269
0.10056125	0.95372085	0.01762135
0.10102681	1.03292205	0.01830781
0.10149237	1.09809530	0.01884232
0.10195793	1.14722752	0.01922677
0.10242349	1.10653770	0.01885108
0.10288905	1.04530819	0.01829093
0.10335461	0.94881447	0.01739771
0.10382018	0.86255342	0.01655842
0.10428574	0.74496870	0.01536285
0.10475130	0.70949300	0.01496795
0.10521686	0.64138441	0.01420749
0.10568242	0.63991088	0.01416835
0.10614798	0.60446175	0.01374614
0.10661354	0.58559656	0.01350771
0.10707911	0.56279591	0.01322077
0.10754467	0.58125649	0.01341358
0.10801023	0.54872323	0.01301223
0.10847579	0.58304358	0.01338981
0.10894135	0.55655246	0.01306087
0.10940691	0.54527455	0.01290740
0.10987247	0.53815028	0.01280181
0.11033803	0.51447921	0.01249771
0.11080360	0.51156585	0.01244107
0.11126916	0.53569135	0.01271067
0.11173472	0.52819083	0.01260176
0.11220028	0.51868856	0.01246684
0.11266584	0.52288681	0.01249758
0.11313140	0.50329802	0.01224213
0.11359696	0.50365324	0.01222707
0.11406253	0.52027887	0.01240829
0.11452809	0.57617289	0.01303613
0.11499365	0.58300331	0.01309287
0.11545921	0.60856374	0.01335632
0.11592477	0.60233849	0.01326707
0.11639033	0.59764183	0.01319545
0.11685589	0.59012274	0.01309073
0.11732145	0.57141036	0.01286181
0.11778702	0.54906082	0.01258881
0.11825258	0.51730486	0.01220047
0.11871814	0.51098204	0.01210784
0.11918370	0.48196586	0.01174010
0.11964926	0.47039454	0.01158077
0.12011482	0.45427735	0.01136384
0.12058038	0.44124256	0.01118252
0.12104595	0.44875561	0.01126103
0.12151151	0.44782401	0.01123147
0.12197707	0.43347219	0.01103352
0.12244263	0.45313160	0.01126458
0.12290819	0.43125264	0.01097197
0.12337375	0.41013974	0.01068437
0.12383931	0.41573219	0.01074129
0.12430487	0.42974198	0.01090464
0.12477044	0.41808112	0.01074034
0.12523600	0.42212191	0.01077538
0.12570156	0.42130603	0.01074938
0.12616712	0.40747803	0.01055637
0.12663268	0.39619898	0.01039403
0.12709824	0.40859963	0.01054065
0.12756380	0.38968054	0.01027799
0.12802937	0.38415427	0.01019024
0.12849493	0.37773311	0.01009050
0.12896049	0.39073428	0.01024784
0.12942605	0.39549063	0.01029583
0.12989161	0.37695851	0.01003655
0.13035717	0.38562134	0.01013684
0.13082273	0.38187153	0.01007349
0.13128829	0.39185626	0.01018973
0.13175386	0.37561750	0.00996286
0.13221942	0.37271809	0.00990957
0.13268498	0.39488026	0.01018564
0.13315054	0.37081363	0.00985695
0.13361610	0.38004694	0.00996419
0.13408166	0.38722817	0.01004408
0.13454722	0.39169072	0.01008800
0.13501279	0.39673906	0.01013871
0.13547835	0.38039767	0.00991445
0.13594391	0.37719958	0.00985831
0.13640947	0.36539017	0.00968957
0.13687503	0.37992766	0.00986718
0.13734059	0.37745207	0.00982147
0.13780615	0.37889792	0.00982734
0.13827171	0.35551425	0.00950559
0.13873728	0.36538022	0.00962361
0.13920284	0.37424142	0.00972675
0.13966840	0.38664271	0.00987314
0.14013396	0.36980307	0.00964327
0.14059952	0.37716286	0.00972495
0.14106508	0.37856633	0.00973004
0.14153064	0.36471134	0.00953792
0.14199621	0.37768321	0.00969298
0.14246177	0.36524525	0.00951993
0.14292733	0.37284210	0.00960496
0.14339289	0.36946436	0.00954873
0.14385845	0.34551382	0.00922225
0.14432401	0.34434990	0.00919392
0.14478957	0.36675769	0.00947606
0.14525513	0.35128326	0.00926210
0.14572070	0.35619774	0.00931446
0.14618626	0.32680010	0.00891060
0.14665182	0.33725193	0.00903956
0.14711738	0.34716026	0.00915963
0.14758294	0.33345035	0.00896561
0.14804850	0.33041380	0.00891312
0.14851406	0.32150845	0.00878132
0.14897962	0.31540180	0.00868575
0.14944519	0.30813241	0.00857415
0.14991075	0.32632971	0.00881274
0.15037631	0.30273688	0.00847729
0.15084187	0.32198739	0.00873203
0.15130743	0.31539660	0.00863064
0.15177299	0.30796270	0.00851757
0.15223855	0.31263496	0.00857145
0.15270412	0.31047127	0.00853041
0.15316968	0.30866452	0.00849504
0.15363524	0.28989165	0.00822254
0.15410080	0.29643167	0.00830438
0.15456636	0.29928033	0.00833415
0.15503192	0.30563236	0.00841109
0.15549748	0.30349746	0.00837139
0.15596304	0.32000978	0.00858571
0.15642861	0.31018367	0.00844239
0.15689417	0.29604600	0.00823798
0.15735973	0.28370177	0.00805396
0.15782529	0.28233266	0.00802473
0.15829085	0.28943801	0.00811542
0.15875641	0.28907493	0.00810035
0.15922197	0.28271701	0.00800144
0.15968754	0.28725147	0.00805503
0.16015310	0.28218723	0.00797408
0.16061866	0.27680901	0.00788848
0.16108422	0.27146044	0.00780196
0.16154978	0.27803873	0.00788659
0.16201534	0.27912247	0.00789264
0.16248090	0.27857112	0.00787540
0.16294646	0.27962951	0.00788125
0.16341203	0.27938074	0.00789850
0.16387759	0.27354581	0.00805974
0.16434315	0.26201265	0.00804011
0.16480871	0.26601127	0.00817964
0.16527427	0.26491365	0.00822706
0.16573983	0.26238340	0.00853204
0.16620539	0.25371847	0.00864090
0.16667096	0.26673088	0.00906498
0.16713652	0.25711502	0.00908079
0.16760208	0.24639060	0.00905478
0.16806764	0.24730118	0.00922991
0.16853320	0.27206587	0.00984064
0.16899876	0.26904821	0.00989896
0.16946432	0.26345046	0.00988525
0.16992988	0.23834455	0.00948553
0.17039545	0.34717045	0.01154596
0.17086101	0.35533059	0.01177799
0.17132657	0.25667483	0.01009143
0.17179213	0.25274079	0.01009315
0.17225769	0.24653427	0.01004585
0.17272325	0.24237766	0.01003673
0.17318881	0.24931552	0.01025569
0.17365438	0.25589211	0.01046681
0.17411994	0.24316059	0.01027745
0.17458550	0.23921844	0.01026717
0.17505106	0.24366066	0.01043582
0.17551662	0.24892963	0.01062238
0.17598218	0.44998106	0.01438146
0.17644774	0.25106295	0.01081670
0.17691330	0.24159510	0.01068375
0.17737887	0.23001190	0.01049570
0.17784443	0.24884819	0.01099381
0.17830999	0.25183287	0.01113157
0.17877555	0.24189338	0.01098307
0.17924111	0.25710662	0.01139905
0.17970667	0.22277032	0.01068147
0.18017223	0.23111308	0.01095486
0.18063780	0.24475267	0.01134562
0.18110336	0.25249474	0.01160001
0.18156892	0.24859340	0.01158629
0.18203448	0.22620100	0.01112530
0.18250004	0.22897968	0.01126747
0.18296560	0.22033894	0.01112595
0.18343116	0.22787392	0.01138947
0.18389672	0.23553317	0.01165598
0.18436229	0.21614626	0.01124001
0.18482785	0.23018389	0.01167628
0.18529341	0.21389945	0.01133056
0.18575897	0.20032287	0.01103817
0.18622453	0.23980720	0.01215782
0.18669009	0.25693416	0.01266883
0.18715565	0.21797754	0.01174739
0.18762122	0.23698535	0.01233151
0.18808678	0.23107019	0.01225908
0.18855234	0.22641092	0.01221736
0.18901790	0.22346547	0.01222050
0.18948346	0.21426817	0.01204845
0.18994902	0.20316832	0.01181309
0.19041458	0.23525124	0.01279970
0.19088014	0.20728355	0.01209848
0.19134571	0.21914024	0.01252683
0.19181127	0.21901733	0.01261157
0.19227683	0.22668387	0.01292138
0.19274239	0.21191330	0.01258249
0.19320795	0.20885962	0.01258126
0.19367351	0.25355296	0.01396247
0.19413907	0.22208493	0.01316259
0.19460464	0.24299878	0.01386953
0.19507020	0.22754669	0.01352064
0.19553576	0.22768971	0.01362579
0.19600132	0.23680461	0.01400038
0.19646688	0.21589833	0.01346953
0.19693244	0.22638487	0.01389834
0.19739800	0.19348141	0.01294794
0.19786356	0.21209797	0.01366226
0.19832913	0.22374372	0.01414279
0.19879469	0.22274891	0.01422351
0.19926025	0.24937421	0.01517046
0.19972581	0.23711616	0.01491296
0.20019137	0.21517856	0.01432290
0.20065693	0.20905712	0.01423478
0.20112249	0.21378230	0.01451549
0.20158805	0.20182374	0.01422334
0.20205362	0.19373426	0.01405502
0.20251918	0.22667676	0.01533522
0.20298474	0.22363021	0.01536586
0.20345030	0.17095892	0.01355474
0.20391586	0.22742683	0.01577504
0.20438142	0.19892523	0.01488851
0.20484698	0.21424230	0.01559445
0.20531255	0.22035521	0.01596419
0.20577811	0.22411077	0.01625335
0.20624367	0.20186390	0.01557501
0.20670923	0.18688337	0.01513336
0.20717479	0.19552419	0.01563391
0.20764035	0.18942906	0.01554449
0.20810591	0.20071625	0.01616598
0.20857147	0.20839123	0.01664496
0.20903704	0.19603603	0.01631627
0.20950260	0.19658114	0.01651639
0.20996816	0.16054869	0.01509118
0.21043372	0.22038026	0.01788013
0.21089928	0.19403127	0.01696981
0.21136484	0.20878906	0.01780936
0.21183040	0.20707088	0.01794770
0.21229597	0.21336359	0.01844040
0.21276153	0.20742400	0.01840822
0.21322709	0.19528246	0.01808850
0.21369265	0.20904786	0.01895857
0.21415821	0.19378466	0.01849622
0.21462377	0.17512708	0.01782282
0.21508933	0.18694837	0.01867156
0.21555489	0.21264085	0.02019827
0.21602046	0.22585232	0.02112196
0.21648602	0.20571407	0.02046230
0.21695158	0.17979708	0.01942646
0.21741714	0.21126602	0.02139378
0.21788270	0.22081614	0.02223112
0.21834826	0.20080366	0.02155862
0.21881382	0.20140151	0.02196780
0.21927939	0.17050199	0.02057723
0.21974495	0.20164918	0.02279565
0.22021051	0.24154042	0.02543108
0.22067607	0.15883235	0.02103597
0.22114163	0.12483977	0.01903812
0.22160719	0.22541102	0.02613661
0.22207275	0.19245282	0.02469613
0.22253831	0.18746646	0.02494942
0.22300388	0.22221310	0.02783448
0.22346944	0.13923818	0.02260435
0.22393500	0.19629467	0.02757092
0.22440056	0.19965536	0.02860583
0.22486612	0.24265521	0.03249629
0.22533168	0.25717683	0.03453636
0.22579724	0.22836743	0.03366688
0.22626281	0.20119360	0.03276809
0.22672837	0.21635215	0.03533258
0.22719393	0.19654115	0.03512887
0.22765949	0.25557781	0.04194574
0.22812505	0.15882770	0.03478201
0.22859061	0.19252589	0.04050593
0.22905617	0.22364870	0.04650121
0.22952173	0.21729124	0.04926088
0.22998730	0.14629376	0.04396360
0.23045286	0.15741016	0.05044214
0.23091842	0.20366727	0.06509227
0.23138398	0.22597021	0.08116616
0.23184954	0.16098151	0.08848583
