0.00646896	7.37766632	1.21402712
0.00693103	5.52512713	0.12442985
0.00739310	5.08011550	0.09327688
0.00785517	4.58482925	0.08499341
0.00831724	4.57171452	0.08209178
0.00877931	4.44042140	0.07829582
0.00924138	4.36867279	0.07517535
0.00970345	4.42318557	0.07370714
0.01016552	4.45240627	0.07220001
0.01062758	4.40584186	0.07003544
0.01108965	4.14133635	0.06633143
0.01155172	3.67969392	0.06108743
0.01201379	3.35525248	0.05709896
0.01247586	3.01412527	0.05304102
0.01293793	2.80515444	0.05018991
0.01340000	2.54382637	0.04693580
0.01386207	2.46115821	0.04534622
0.01432414	2.27530995	0.04286718
0.01478620	2.19414007	0.04141731
0.01524827	2.05770547	0.03944611
0.01571034	1.91572335	0.03747931
0.01617241	1.82031237	0.03598623
0.01663448	1.75015921	0.03477766
0.01709655	1.68268715	0.03361545
0.01755862	1.63722070	0.03328738
0.01802069	1.56543654	0.03298508
0.01848276	1.54922415	0.03289126
0.01894482	1.58397356	0.03324918
0.01940689	1.56547605	0.03296163
0.01986896	1.47747279	0.03191156
0.02033103	1.51009413	0.03214572
0.02079310	1.40914605	0.03092415
0.02125517	1.39336086	0.03060485
0.02171724	1.40929718	0.03063402
0.02217931	1.40910255	0.03047282
0.02264138	1.37700012	0.02996739
0.02310344	1.36970046	0.02972860
0.02356551	1.41200278	0.03001672
0.02402758	1.37920704	0.02949926
0.02448965	1.37325519	0.02928025
0.02495172	1.47251562	0.03015476
0.02541379	1.50898212	0.03035786
0.02587586	1.43722157	0.02946048
0.02633793	1.43295109	0.02925789
0.02680000	1.49073944	0.02967207
0.02726206	1.49334614	0.02954073
0.02772413	1.54442964	0.02987305
0.02818620	1.58643291	0.03010977
0.02864827	1.59414542	0.03002471
0.02911034	1.64324283	0.03031766
0.02957241	1.67829145	0.03047118
0.03003448	1.66708332	0.03021312
0.03049655	1.72188750	0.03054465
0.03095862	1.77165859	0.03081719
0.03142068	1.83789405	0.03122904
0.03188275	1.91449229	0.03170319
0.03234482	1.96169010	0.03192792
0.03280689	1.99710589	0.03204708
0.03326896	2.08453044	0.03257765
0.03373103	2.14081169	0.03284950
0.03419310	2.18850902	0.03305393
0.03465517	2.24789229	0.03333249
0.03511724	2.45094870	0.03463406
0.03557930	2.51494176	0.03491535
0.03604137	2.71327630	0.03688504
0.03650344	2.83058983	0.03826056
0.03696551	3.02181017	0.03980360
0.03742758	3.40096044	0.04233374
0.03788965	3.97746724	0.04580659
0.03835172	5.06551227	0.05185131
0.03881379	6.82914980	0.06050217
0.03927586	8.82344502	0.06907168
0.03973792	11.37654817	0.07873610
0.04019999	13.90984026	0.08716305
0.04066206	16.19286953	0.09392214
0.04112413	18.40474017	0.09999009
0.04158620	22.54043727	0.11048730
0.04204827	30.95283365	0.12926267
0.04251034	46.06986185	0.15743223
0.04297241	66.77264062	0.18919087
0.04343448	80.75809479	0.20767935
0.04389654	80.01525595	0.20633059
0.04435861	69.89918629	0.19247132
0.04482068	62.02636081	0.18094973
0.04528275	56.58176344	0.17247432
0.04574482	55.67205586	0.17073258
0.04620689	60.83561718	0.17809834
0.04666896	73.50927341	0.19535909
0.04713103	97.44031675	0.22444383
0.04759310	135.04022945	0.26365226
0.04805516	185.62202187	0.30844408
0.04851723	233.49209456	0.34517405
0.04897930	252.18129719	0.35793417
0.04944137	218.78041012	0.33265417
0.04990344	147.53375949	0.27256374
0.05036551	78.68622396	0.19861305
0.05082758	38.40503399	0.13844319
0.05128965	21.10769922	0.10240590
0.05175172	12.58365719	0.07889214
0.05221378	8.08159099	0.06308122
0.05267585	5.74826485	0.05308168
0.05313792	4.62192816	0.04749033
0.05359999	3.97027064	0.04391658
0.05406206	3.64556468	0.04198661
0.05452413	3.36689960	0.04025894
0.05498620	3.22145996	0.03929124
0.05544827	2.94158006	0.03746083
0.05591034	2.76911541	0.03626457
0.05637240	2.66308329	0.03548269
0.05683447	2.52225012	0.03445410
0.05729654	2.39472747	0.03349658
0.05775861	2.29034653	0.03268483
0.05822068	2.17700293	0.03179474
0.05868275	2.13406554	0.03140860
0.05914482	2.05014047	0.03071617
0.05960689	1.96562851	0.03000949
0.06006896	1.89396830	0.02939184
0.06053102	1.80634669	0.02864042
0.06099309	1.76627143	0.02825807
0.06145516	1.70854182	0.02773134
0.06191723	1.65867155	0.02726286
0.06237930	1.59388834	0.02666639
0.06284137	1.60466033	0.02669781
0.06330344	1.53887316	0.02608751
0.06376551	1.49798478	0.02568269
0.06422758	1.46275475	0.02532317
0.06468964	1.42202792	0.02491399
0.06515171	1.34823359	0.02420654
0.06561378	1.31226707	0.02382988
0.06607585	1.28803743	0.02355825
0.06653792	1.25904993	0.02324123
0.06699999	1.28270290	0.02340840
0.06746206	1.21401805	0.02272454
0.06792413	1.26133176	0.02311384
0.06838620	1.21896314	0.02267430
0.06884826	1.15741993	0.02204769
0.06931033	1.16170777	0.02204217
0.06977240	1.13101640	0.02170297
0.07023447	1.09520202	0.02131187
0.07069654	1.08910132	0.02120818
0.07115861	1.06295295	0.02090837
0.07162068	1.03413072	0.02058035
0.07208275	1.03570004	0.02055302
0.07254482	0.99597868	0.02011353
0.07300688	1.03910170	0.02050223
0.07346895	1.03140928	0.02038433
0.07393102	1.01294946	0.02016002
0.07439309	0.99196238	0.01990939
0.07485516	1.05293340	0.02047076
0.07531723	1.04373376	0.02033960
0.07577930	1.02711572	0.02013638
0.07624137	1.09365228	0.02073678
0.07670344	1.09515006	0.02070937
0.07716550	1.20809185	0.02170787
0.07762757	1.32906000	0.02272314
0.07808964	1.36055214	0.02294525
0.07855171	1.38747107	0.02312549
0.07901378	1.38048397	0.02302174
0.07947585	1.35971642	0.02280329
0.07993792	1.40457876	0.02313075
0.08039999	1.45179576	0.02347055
0.08086206	1.49256855	0.02375173
0.08132412	1.69868974	0.02528968
0.08178619	1.85425924	0.02637158
0.08224826	1.96463062	0.02709280
0.08271033	1.94478610	0.02690425
0.08317240	1.76423889	0.02557566
0.08363447	1.39198117	0.02267449
0.08409654	1.10530658	0.02016696
0.08455861	0.86751471	0.01783258
0.08502067	0.80691275	0.01716619
0.08548274	0.74389661	0.01645107
0.08594481	0.70745701	0.01601308
0.08640688	0.66516230	0.01549815
0.08686895	0.69338381	0.01579406
0.08733102	0.69210489	0.01575037
0.08779309	0.64809638	0.01521302
0.08825516	0.65524772	0.01526860
0.08871723	0.65792034	0.01527170
0.08917929	0.64141112	0.01505129
0.08964136	0.64961624	0.01511975
0.09010343	0.61140039	0.01464157
0.09056550	0.56233311	0.01401648
0.09102757	0.58604348	0.01428290
0.09148964	0.56767387	0.01403198
0.09195171	0.56921718	0.01402594
0.09241378	0.56777915	0.01398314
0.09287585	0.57841490	0.01408848
0.09333791	0.55440794	0.01376834
0.09379998	0.58640656	0.01413506
0.09426205	0.54850019	0.01364652
0.09472412	0.57939306	0.01400088
0.09518619	0.56812647	0.01383989
0.09564826	0.55271804	0.01362689
0.09611033	0.51547009	0.01313684
0.09657240	0.52478971	0.01323211
0.09703447	0.52136262	0.01316601
0.09749653	0.53753172	0.01334565
0.09795860	0.50575859	0.01292292
0.09842067	0.48941620	0.01269076
0.09888274	0.50780257	0.01290469
0.09934481	0.50393185	0.01283353
0.09980688	0.49654108	0.01271753
0.10026895	0.45979116	0.01221712
0.10073102	0.45611194	0.01214773
0.10119309	0.48645147	0.01252399
0.10165515	0.50130046	0.01269241
0.10211722	0.46684740	0.01222808
0.10257929	0.49236148	0.01253685
0.10304136	0.47259768	0.01226236
0.10350343	0.44039815	0.01181751
0.10396550	0.46841043	0.01216747
0.10442757	0.45111328	0.01192111
0.10488964	0.45110713	0.01190147
0.10535171	0.45688013	0.01195789
0.10581377	0.44891540	0.01183384
0.10627584	0.45718635	0.01192307
0.10673791	0.46180995	0.01196365
0.10719998	0.45892283	0.01190694
0.10766205	0.44653305	0.01172627
0.10812412	0.44123856	0.01163782
0.10858619	0.46876166	0.01197620
0.10904826	0.43408541	0.01150620
0.10951033	0.42704327	0.01139435
0.10997239	0.45831106	0.01178546
0.11043446	0.43401034	0.01145062
0.11089653	0.43300197	0.01141937
0.11135860	0.45260793	0.01165655
0.11182067	0.43640512	0.01142810
0.11228274	0.43306920	0.01136659
0.11274481	0.43831778	0.01141745
0.11320688	0.42141522	0.01117783
0.11366895	0.44391005	0.01145449
0.11413101	0.43397278	0.01130818
0.11459308	0.43644532	0.01132276
0.11505515	0.46298043	0.01164399
0.11551722	0.44441027	0.01139069
0.11597929	0.42440055	0.01111430
0.11644136	0.41532426	0.01097817
0.11690343	0.43881265	0.01126709
0.11736550	0.45722634	0.01148368
0.11782757	0.44953215	0.01136953
0.11828963	0.45699900	0.01144631
0.11875170	0.49250135	0.01186487
0.11921377	0.49620026	0.01189141
0.11967584	0.53740556	0.01235688
0.12013791	0.56673254	0.01267075
0.12059998	0.60344718	0.01305535
0.12106205	0.62382867	0.01325446
0.12152412	0.65273923	0.01353798
0.12198619	0.69858315	0.01398477
0.12244825	0.68873504	0.01386554
0.12291032	0.68543433	0.01381206
0.12337239	0.68746450	0.01381242
0.12383446	0.71883755	0.01410352
0.12429653	0.73945674	0.01428375
0.12475860	0.80326817	0.01486563
0.12522067	0.76913202	0.01452538
0.12568274	0.71101708	0.01394583
0.12614481	0.64567110	0.01327048
0.12660687	0.56010711	0.01234237
0.12706894	0.46993179	0.01128902
0.12753101	0.44061379	0.01091568
0.12799308	0.41637521	0.01059619
0.12845515	0.39829442	0.01034891
0.12891722	0.39639854	0.01030977
0.12937929	0.41266412	0.01050426
0.12984136	0.39579369	0.01027290
0.13030343	0.37970687	0.01004793
0.13076549	0.36229467	0.00980115
0.13122756	0.37079508	0.00990173
0.13168963	0.36919766	0.00986665
0.13215170	0.36082261	0.00974068
0.13261377	0.34021619	0.00944530
0.13307584	0.34069950	0.00943901
0.13353791	0.33996699	0.00941596
0.13399998	0.35288735	0.00958007
0.13446205	0.36832606	0.00977410
0.13492411	0.36089988	0.00966179
0.13538618	0.35058337	0.00950978
0.13584825	0.33688285	0.00930952
0.13631032	0.35047349	0.00948261
0.13677239	0.38266920	0.00989531
0.13723446	0.38542598	0.00991744
0.13769653	0.38119962	0.00984972
0.13815860	0.39190371	0.00997373
0.13862067	0.40681965	0.01014821
0.13908273	0.37940020	0.00978727
0.13954480	0.39008724	0.00991089
0.14000687	0.38004609	0.00976958
0.14046894	0.38270256	0.00979076
0.14093101	0.39029465	0.00987438
0.14139308	0.37619263	0.00968167
0.14185515	0.36639525	0.00954223
0.14231722	0.37076276	0.00958647
0.14277929	0.33209805	0.00906094
0.14324135	0.34010382	0.00915759
0.14370342	0.33497122	0.00907648
0.14416549	0.30671505	0.00867398
0.14462756	0.29294569	0.00846617
0.14508963	0.32987603	0.00897233
0.14555170	0.31114136	0.00870265
0.14601377	0.30145936	0.00855524
0.14647584	0.30898331	0.00865027
0.14693791	0.31003320	0.00865397
0.14739997	0.29338607	0.00840765
0.14786204	0.29153588	0.00837048
0.14832411	0.30409744	0.00853813
0.14878618	0.29746511	0.00843385
0.14924825	0.28856684	0.00829634
0.14971032	0.28945831	0.00829948
0.15017239	0.29659699	0.00838984
0.15063446	0.29059789	0.00829421
0.15109653	0.27364538	0.00803861
0.15155859	0.28135024	0.00814090
0.15202066	0.29168365	0.00827875
0.15248273	0.28362289	0.00815351
0.15294480	0.28785499	0.00820390
0.15340687	0.27600029	0.00802331
0.15386894	0.27257219	0.00796356
0.15433101	0.28517452	0.00813559
0.15479308	0.28726755	0.00815545
0.15525515	0.27375383	0.00795153
0.15571721	0.26779531	0.00785496
0.15617928	0.27061496	0.00788665
0.15664135	0.26948945	0.00786069
0.15710342	0.27037877	0.00786418
0.15756549	0.26211540	0.00773367
0.15802756	0.25918812	0.00768113
0.15848963	0.25975707	0.00768035
0.15895170	0.27840323	0.00794171
0.15941377	0.25730040	0.00762571
0.15987583	0.26757692	0.00776792
0.16033790	0.27309145	0.00787284
0.16079997	0.26393592	0.00798081
0.16126204	0.24661897	0.00785904
0.16172411	0.27775841	0.00841412
0.16218618	0.25973262	0.00817745
0.16264825	0.27661833	0.00847538
0.16311032	0.25986915	0.00824576
0.16357239	0.26797842	0.00840189
0.16403445	0.25854820	0.00827833
0.16449652	0.26837413	0.00845823
0.16495859	0.26349854	0.00840332
0.16542066	0.27105656	0.00854402
0.16588273	0.25739772	0.00838270
0.16634480	0.24719765	0.00856429
0.16680687	0.26005107	0.00903449
0.16726894	0.28466236	0.00966233
0.16773101	0.27795117	0.00973405
0.16819307	0.32101438	0.01064849
0.16865514	0.29280470	0.01034147
0.16911721	0.24475835	0.00960751
0.16957928	0.24385521	0.00973917
0.17004135	0.25265078	0.01003765
0.17050342	0.27337990	0.01052921
0.17096549	0.24000471	0.00994601
0.17142756	0.26037544	0.01044191
0.17188963	0.24115924	0.01012744
0.17235169	0.23744759	0.01012593
0.17281376	0.24323542	0.01032553
0.17327583	0.25329323	0.01061473
0.17373790	0.38249322	0.01313906
0.17419997	0.24675217	0.01062917
0.17466204	0.26184611	0.01102743
0.17512411	0.25099455	0.01087266
0.17558618	0.24509279	0.01081918
0.17604825	0.24472159	0.01088597
0.17651031	0.23659906	0.01077751
0.17697238	0.24017592	0.01093424
0.17743445	0.23465046	0.01088155
0.17789652	0.22183362	0.01065043
0.17835859	0.24805856	0.01133839
0.17882066	0.22902446	0.01096796
0.17928273	0.25285007	0.01160161
0.17974480	0.23268858	0.01120693
0.18020687	0.25640617	0.01183958
0.18066893	0.23251040	0.01134957
0.18113100	0.23458294	0.01147598
0.18159307	0.25283657	0.01199344
0.18205514	0.26413912	0.01234021
0.18251721	0.26086251	0.01234512
0.18297928	0.26479971	0.01252085
0.18344135	0.25325924	0.01232670
0.18390342	0.24721670	0.01226017
0.18436549	0.22134032	0.01167850
0.18482755	0.22241109	0.01178529
0.18528962	0.23190118	0.01211509
0.18575169	0.22193729	0.01193196
0.18621376	0.25861246	0.01296738
0.18667583	0.25987255	0.01308726
0.18713790	0.25384862	0.01302292
0.18759997	0.25826928	0.01322580
0.18806204	0.24786175	0.01304572
0.18852411	0.23019717	0.01265917
0.18898617	0.23834991	0.01297088
0.18944824	0.20986454	0.01225616
0.18991031	0.24319586	0.01328625
0.19037238	0.28416890	0.01446338
0.19083445	0.24985093	0.01365834
0.19129652	0.24763245	0.01369483
0.19175859	0.22343315	0.01310215
0.19222066	0.25531562	0.01410734
0.19268273	0.26156377	0.01438319
0.19314479	0.25326349	0.01425727
0.19360686	0.24302427	0.01406964
0.19406893	0.27555290	0.01509365
0.19453100	0.23026978	0.01390178
0.19499307	0.23255090	0.01407663
0.19545514	0.24991464	0.01470457
0.19591721	0.25109676	0.01485332
0.19637928	0.24137222	0.01467657
0.19684135	0.25020287	0.01506042
0.19730341	0.23839226	0.01481769
0.19776548	0.22284622	0.01444160
0.19822755	0.22532359	0.01463964
0.19868962	0.24809799	0.01548784
0.19915169	0.27580374	0.01646532
0.19961376	0.28232825	0.01679881
0.20007583	0.22858767	0.01524407
0.20053790	0.21546186	0.01492713
0.20099997	0.24362296	0.01601075
0.20146203	0.23269428	0.01578534
0.20192410	0.24701245	0.01640883
0.20238617	0.24264217	0.01641001
0.20284824	0.23397948	0.01626201
0.20331031	0.22213619	0.01599223
0.20377238	0.25196173	0.01719244
0.20423445	0.22813262	0.01651555
0.20469652	0.28637151	0.01868335
0.20515859	0.27654518	0.01854072
0.20562065	0.26686565	0.01839542
0.20608272	0.24037500	0.01763586
0.20654479	0.24465714	0.01797591
0.20700686	0.19746866	0.01631908
0.20746893	0.21681236	0.01728228
0.20793100	0.25074022	0.01878731
0.20839307	0.25721947	0.01923901
0.20885514	0.24250238	0.01889101
0.20931721	0.30593552	0.02146205
0.20977927	0.23588331	0.01906604
0.21024134	0.22313642	0.01876523
0.21070341	0.25279206	0.02021685
0.21116548	0.27704705	0.02142804
0.21162755	0.21980794	0.01932940
0.21208962	0.22365909	0.01975165
0.21255169	0.23075200	0.02032944
0.21301376	0.22080377	0.02015739
0.21347583	0.34797136	0.02565811
0.21393789	0.36720447	0.02673498
0.21439996	0.25178191	0.02246316
0.21486203	0.23749009	0.02214540
0.21532410	0.24974370	0.02306161
0.21578617	0.27013437	0.02436713
0.21624824	0.26295331	0.02443591
0.21671031	0.26694643	0.02503757
0.21717238	0.20527645	0.02233939
0.21763445	0.24466613	0.02482887
0.21809651	0.27370210	0.02675114
0.21855858	0.30741276	0.02889894
0.21902065	0.29412240	0.02883430
0.21948272	0.23292872	0.02619467
0.21994479	0.22048625	0.02603800
0.22040686	0.24242796	0.02791995
0.22086893	0.23454618	0.02811064
0.22133100	0.23518006	0.02884416
0.22179307	0.23240848	0.02941708
0.22225513	0.26637290	0.03235220
0.22271720	0.30360370	0.03553290
0.22317927	0.22184049	0.03129852
0.22364134	0.28155947	0.03640083
0.22410341	0.29062158	0.03825750
0.22456548	0.27383989	0.03850883
0.22502755	0.17257802	0.03178752
0.22548962	0.30048405	0.04375408
0.22595169	0.13652911	0.03088235
0.22641375	0.33396455	0.05080591
0.22687582	0.23916665	0.04547765
0.22733789	0.28189102	0.05258918
0.22779996	0.19671223	0.04721419
0.22826203	0.39141159	0.07243926
0.22872410	0.44343531	0.08528451
0.22918617	0.20874291	0.06638249
0.22964824	0.34461025	0.10097023
0.23011031	0.01209171	0.02442927
