0.00372449	0.10406233	0.37110834
0.00419005	0.23069992	0.08941354
0.00465561	0.10026334	0.04211174
0.00512117	0.05151067	0.02403353
0.00558674	0.09922453	0.02919669
0.00605230	2.45475416	0.11949285
0.00651786	3.51125826	0.12147789
0.00698342	5.44176893	0.13585696
0.00744898	6.56074052	0.13654905
0.00791454	6.05703023	0.12146286
0.00838010	5.20041165	0.10433227
0.00884567	4.61860210	0.09132606
0.00931123	3.95861645	0.07852819
0.00977679	3.59247874	0.06822620
0.01024235	3.24773606	0.06109511
0.01070791	2.94731507	0.05678661
0.01117347	2.58794563	0.05210536
0.01163903	2.44600082	0.04947112
0.01210459	2.36633273	0.04764270
0.01257016	2.12090865	0.04420102
0.01303572	2.08933374	0.04301006
0.01350128	1.95434471	0.04085329
0.01396684	1.93570921	0.03996087
0.01443240	1.81107407	0.03797906
0.01489796	1.73826105	0.03657748
0.01536352	1.70577083	0.03566569
0.01582909	1.62612142	0.03429992
0.01629465	1.66748512	0.03420408
0.01676021	1.58072221	0.03280767
0.01722577	1.56893851	0.03222420
0.01769133	1.56326544	0.03172483
0.01815689	1.51542514	0.03141748
0.01862245	1.44821383	0.03110427
0.01908801	1.46328814	0.03133242
0.01955358	1.50135865	0.03171693
0.02001914	1.47400309	0.03135598
0.02048470	1.53034921	0.03185719
0.02095026	1.48264402	0.03122455
0.02141582	1.58570636	0.03216546
0.02188138	1.55625769	0.03171792
0.02234694	1.51210151	0.03112312
0.02281251	1.55566200	0.03141497
0.02327807	1.55224482	0.03121568
0.02374363	1.61751536	0.03169920
0.02420919	1.57499677	0.03112364
0.02467475	1.61433608	0.03133706
0.02514031	1.61408427	0.03116971
0.02560587	1.65855307	0.03142682
0.02607143	1.65715468	0.03123812
0.02653700	1.69106531	0.03138402
0.02700256	1.65705637	0.03090773
0.02746812	1.70658214	0.03120144
0.02793368	1.74063919	0.03133650
0.02839924	1.69608627	0.03077380
0.02886480	1.79162499	0.03145050
0.02933036	1.81459233	0.03148929
0.02979592	1.79046835	0.03111487
0.03026149	1.89095263	0.03180300
0.03072705	1.94854824	0.03211438
0.03119261	1.95904567	0.03204184
0.03165817	2.04912600	0.03260020
0.03212373	2.11382162	0.03294901
0.03258929	2.19310917	0.03342304
0.03305485	2.26972664	0.03486609
0.03352042	2.38291575	0.03615685
0.03398598	2.54017713	0.03754435
0.03445154	2.71963714	0.03895276
0.03491710	3.20813651	0.04234621
0.03538266	4.61245769	0.05077975
0.03584822	7.56393347	0.06528744
0.03631378	12.26483170	0.08347210
0.03677934	17.79508479	0.10092933
0.03724491	24.37061179	0.11852361
0.03771047	31.63526970	0.13514786
0.03817603	40.39208922	0.15247289
0.03864159	53.74302916	0.17553354
0.03910715	85.33975216	0.22079014
0.03957271	173.12403490	0.31387900
0.04003827	342.63013189	0.44067236
0.04050384	532.97163793	0.54852750
0.04096940	579.04753184	0.57043354
0.04143496	449.75175733	0.50165222
0.04190052	292.59496803	0.40375365
0.04236608	153.80652976	0.29206985
0.04283164	59.82945617	0.18176699
0.04329720	22.29942444	0.11069590
0.04376276	11.66401253	0.07987439
0.04422833	7.72896646	0.06487176
0.04469389	5.72029087	0.05567591
0.04515945	4.60633948	0.04984856
0.04562501	3.84326070	0.04541672
0.04609057	3.45611115	0.04296579
0.04655613	3.16963778	0.04105060
0.04702169	2.99157943	0.03978340
0.04748726	2.78678624	0.03830908
0.04795282	2.59757373	0.03689012
0.04841838	2.37437259	0.03518416
0.04888394	2.35567299	0.03496289
0.04934950	2.21233214	0.03379472
0.04981506	2.17651865	0.03343989
0.05028062	1.96000906	0.03165722
0.05074618	1.95486181	0.03153867
0.05121175	1.86819935	0.03075924
0.05167731	1.84648019	0.03050093
0.05214287	1.77345682	0.02982018
0.05260843	1.70210679	0.02914471
0.05307399	1.70443584	0.02909380
0.05353955	1.62344193	0.02832796
0.05400511	1.52455392	0.02738128
0.05447068	1.51081893	0.02719273
0.05493624	1.51834905	0.02719631
0.05540180	1.46188607	0.02662145
0.05586736	1.49141095	0.02682704
0.05633292	1.38409134	0.02577831
0.05679848	1.38748785	0.02574895
0.05726404	1.36839009	0.02551183
0.05772960	1.29758601	0.02478368
0.05819517	1.31043940	0.02484964
0.05866073	1.29266923	0.02461888
0.05912629	1.28507456	0.02448909
0.05959185	1.25171625	0.02411402
0.06005741	1.22400191	0.02378926
0.06052297	1.21378469	0.02363693
0.06098853	1.16102159	0.02306057
0.06145410	1.16845483	0.02308087
0.06191966	1.18342225	0.02317618
0.06238522	1.14373888	0.02273118
0.06285078	1.12861926	0.02253099
0.06331634	1.10264158	0.02221625
0.06378190	1.08173296	0.02195450
0.06424746	1.08139319	0.02190279
0.06471302	1.06945008	0.02172931
0.06517859	1.05795839	0.02156419
0.06564415	1.02065437	0.02113386
0.06610971	1.06677155	0.02155755
0.06657527	1.08318714	0.02167594
0.06704083	1.02226224	0.02100794
0.06750639	1.02599064	0.02100010
0.06797195	0.99430971	0.02062862
0.06843752	0.98631950	0.02050013
0.06890308	0.99664174	0.02056358
0.06936864	0.96377006	0.02017484
0.06983420	0.99574735	0.02046254
0.07029976	0.97224867	0.02017680
0.07076532	0.99331152	0.02034977
0.07123088	0.96107524	0.01997540
0.07169644	0.96638895	0.01998504
0.07216201	0.96725309	0.01995147
0.07262757	0.93444653	0.01956949
0.07309313	0.93767504	0.01956123
0.07355869	0.95288085	0.01967921
0.07402425	0.97938986	0.01990656
0.07448981	1.02229018	0.02029530
0.07495537	1.00489858	0.02008101
0.07542094	0.95215857	0.01950568
0.07588650	0.97436657	0.01969265
0.07635206	0.98778722	0.01978438
0.07681762	0.99177269	0.01978338
0.07728318	1.08016949	0.02060509
0.07774874	1.17719723	0.02146404
0.07821430	1.42074587	0.02353262
0.07867986	1.71538073	0.02580622
0.07914543	2.00783461	0.02786285
0.07961099	2.35405279	0.03011076
0.08007655	2.81538105	0.03285923
0.08054211	3.48289566	0.03647518
0.08100767	5.53602552	0.04589613
0.08147323	9.82177935	0.06101029
0.08193879	16.49690573	0.07891846
0.08240436	21.09432970	0.08905371
0.08286992	19.46800281	0.08538495
0.08333548	13.43385896	0.07079265
0.08380104	8.25269734	0.05537705
0.08426660	4.42230788	0.04046156
0.08473216	2.33466761	0.02933855
0.08519772	1.48896337	0.02338472
0.08566328	1.20275873	0.02097798
0.08612885	1.04525978	0.01951836
0.08659441	0.95926130	0.01866390
0.08705997	0.89644571	0.01800610
0.08752553	0.84385176	0.01743682
0.08799109	0.81884891	0.01714496
0.08845665	0.80693863	0.01698729
0.08892221	0.75589927	0.01641175
0.08938777	0.72760431	0.01606976
0.08985334	0.71548770	0.01590565
0.09031890	0.70843339	0.01579852
0.09078446	0.62503398	0.01481039
0.09125002	0.66124783	0.01520562
0.09171558	0.67184886	0.01529933
0.09218114	0.61572126	0.01461937
0.09264670	0.63347963	0.01480251
0.09311227	0.60764253	0.01446957
0.09357783	0.60948489	0.01446543
0.09404339	0.57779817	0.01405944
0.09450895	0.58313151	0.01409856
0.09497451	0.56644774	0.01387135
0.09544007	0.53970747	0.01351434
0.09590563	0.54903822	0.01360650
0.09637119	0.55675453	0.01367798
0.09683676	0.54998327	0.01357023
0.09730232	0.53833501	0.01340297
0.09776788	0.53422584	0.01332685
0.09823344	0.53097164	0.01326297
0.09869900	0.52550330	0.01317203
0.09916456	0.49970255	0.01282194
0.09963012	0.51029584	0.01293557
0.10009569	0.50442982	0.01283745
0.10056125	0.47037357	0.01237514
0.10102681	0.49562483	0.01268175
0.10149237	0.48156786	0.01247794
0.10195793	0.47499266	0.01237157
0.10242349	0.47517863	0.01235326
0.10288905	0.47612605	0.01234453
0.10335461	0.45804775	0.01208807
0.10382018	0.45829231	0.01206972
0.10428574	0.43175893	0.01169562
0.10475130	0.48489644	0.01237407
0.10521686	0.45424481	0.01195647
0.10568242	0.46643054	0.01209631
0.10614798	0.44422835	0.01178418
0.10661354	0.41912078	0.01142752
0.10707911	0.43181221	0.01158054
0.10754467	0.45007574	0.01180330
0.10801023	0.43533594	0.01159011
0.10847579	0.43415133	0.01155432
0.10894135	0.42087269	0.01135781
0.10940691	0.42403546	0.01138235
0.10987247	0.44256157	0.01160931
0.11033803	0.41713813	0.01125347
0.11080360	0.42660499	0.01136109
0.11126916	0.43119480	0.01140375
0.11173472	0.41192042	0.01112865
0.11220028	0.41034763	0.01108866
0.11266584	0.40012602	0.01093253
0.11313140	0.41207773	0.01107730
0.11359696	0.42146498	0.01118504
0.11406253	0.41733749	0.01111316
0.11452809	0.38247636	0.01062122
0.11499365	0.38584212	0.01065134
0.11545921	0.40183490	0.01085320
0.11592477	0.37250658	0.01043330
0.11639033	0.40143833	0.01081466
0.11685589	0.39483602	0.01070782
0.11732145	0.38741521	0.01059050
0.11778702	0.37871712	0.01045519
0.11825258	0.37582890	0.01039916
0.11871814	0.37139207	0.01032239
0.11918370	0.37223545	0.01031745
0.11964926	0.36988558	0.01026928
0.12011482	0.38639272	0.01048043
0.12058038	0.38507234	0.01044653
0.12104595	0.37821542	0.01033815
0.12151151	0.38494495	0.01041315
0.12197707	0.39223240	0.01049555
0.12244263	0.40875589	0.01069879
0.12290819	0.42520011	0.01089470
0.12337375	0.47706029	0.01152311
0.12383931	0.53189122	0.01214958
0.12430487	0.56652527	0.01252037
0.12477044	0.50307837	0.01178164
0.12523600	0.45357731	0.01116964
0.12570156	0.40794041	0.01057750
0.12616712	0.37376997	0.01011032
0.12663268	0.35015348	0.00977139
0.12709824	0.35735208	0.00985750
0.12756380	0.35384422	0.00979399
0.12802937	0.33897002	0.00957221
0.12849493	0.32911379	0.00941875
0.12896049	0.32872821	0.00939961
0.12942605	0.33800305	0.00951817
0.12989161	0.31572995	0.00918535
0.13035717	0.32847810	0.00935568
0.13082273	0.32755542	0.00932961
0.13128829	0.31650780	0.00915781
0.13175386	0.32355058	0.00924661
0.13221942	0.31625936	0.00912823
0.13268498	0.32141775	0.00918947
0.13315054	0.33305183	0.00934159
0.13361610	0.33281911	0.00932455
0.13408166	0.34419866	0.00946960
0.13454722	0.32519912	0.00919196
0.13501279	0.31654460	0.00905624
0.13547835	0.30676615	0.00890335
0.13594391	0.32853614	0.00920044
0.13640947	0.32233323	0.00910078
0.13687503	0.31419902	0.00897316
0.13734059	0.31183863	0.00892711
0.13780615	0.33117458	0.00918762
0.13827171	0.30583532	0.00881646
0.13873728	0.30066468	0.00872985
0.13920284	0.31249735	0.00888822
0.13966840	0.31696579	0.00893937
0.14013396	0.30712541	0.00878814
0.14059952	0.29911706	0.00866051
0.14106508	0.31491090	0.00887437
0.14153064	0.31347791	0.00884266
0.14199621	0.30845244	0.00875967
0.14246177	0.30397858	0.00868486
0.14292733	0.30727969	0.00871967
0.14339289	0.31197489	0.00877443
0.14385845	0.31600002	0.00881958
0.14432401	0.30863000	0.00870402
0.14478957	0.28555366	0.00836146
0.14525513	0.29276640	0.00845554
0.14572070	0.30514225	0.00862111
0.14618626	0.29842571	0.00851499
0.14665182	0.29622468	0.00847190
0.14711738	0.28426306	0.00828844
0.14758294	0.28994188	0.00836026
0.14804850	0.28851841	0.00832889
0.14851406	0.29895024	0.00846765
0.14897962	0.28401106	0.00824219
0.14944519	0.29721205	0.00842085
0.14991075	0.30442995	0.00851190
0.15037631	0.27427427	0.00806894
0.15084187	0.28103300	0.00815782
0.15130743	0.29705714	0.00837596
0.15177299	0.28756861	0.00823072
0.15223855	0.29249770	0.00829081
0.15270412	0.29153684	0.00826620
0.15316968	0.28936525	0.00822517
0.15363524	0.29724985	0.00832624
0.15410080	0.30890160	0.00847725
0.15456636	0.28279820	0.00810141
0.15503192	0.28957890	0.00818721
0.15549748	0.29363335	0.00823422
0.15596304	0.28674317	0.00812720
0.15642861	0.28709080	0.00812205
0.15689417	0.28571558	0.00809298
0.15735973	0.30244300	0.00831573
0.15782529	0.29333807	0.00817964
0.15829085	0.30038110	0.00826741
0.15875641	0.30227269	0.00828320
0.15922197	0.29857457	0.00822278
0.15968754	0.29146568	0.00811390
0.16015310	0.29011914	0.00808538
0.16061866	0.31173846	0.00837140
0.16108422	0.30768925	0.00830629
0.16154978	0.30733832	0.00829173
0.16201534	0.33406682	0.00863459
0.16248090	0.33335595	0.00861507
0.16294646	0.36270473	0.00897595
0.16341203	0.35617733	0.00891824
0.16387759	0.37714213	0.00946364
0.16434315	0.43605340	0.01037219
0.16480871	0.54486431	0.01170654
0.16527427	0.68531530	0.01323238
0.16573983	0.79870730	0.01488602
0.16620539	0.75977869	0.01495294
0.16667096	0.64716647	0.01412012
0.16713652	0.54151104	0.01317843
0.16760208	0.42259042	0.01185839
0.16806764	0.34563627	0.01091175
0.16853320	0.30368060	0.01039668
0.16899876	0.30474126	0.01053514
0.16946432	0.30086879	0.01056396
0.16992988	0.27116786	0.01011761
0.17039545	0.38565557	0.01216910
0.17086101	0.41068816	0.01266225
0.17132657	0.26759667	0.01030390
0.17179213	0.28283591	0.01067718
0.17225769	0.27170846	0.01054629
0.17272325	0.27274464	0.01064693
0.17318881	0.27429478	0.01075719
0.17365438	0.26989373	0.01074936
0.17411994	0.26398469	0.01070849
0.17458550	0.23896870	0.01026181
0.17505106	0.25493270	0.01067448
0.17551662	0.25034523	0.01065254
0.17598218	0.46188655	0.01457046
0.17644774	0.25226019	0.01084246
0.17691330	0.24796393	0.01082365
0.17737887	0.25551234	0.01106221
0.17784443	0.26018249	0.01124139
0.17830999	0.24652461	0.01101363
0.17877555	0.25370825	0.01124809
0.17924111	0.23822558	0.01097251
0.17970667	0.26264154	0.01159803
0.18017223	0.25440022	0.01149353
0.18063780	0.26996688	0.01191571
0.18110336	0.25038955	0.01155156
0.18156892	0.23217417	0.01119713
0.18203448	0.23376692	0.01130983
0.18250004	0.23117013	0.01132124
0.18296560	0.23128519	0.01139897
0.18343116	0.23625831	0.01159711
0.18389672	0.22004212	0.01126616
0.18436229	0.24363268	0.01193330
0.18482785	0.25187247	0.01221398
0.18529341	0.23142050	0.01178548
0.18575897	0.23868566	0.01204884
0.18622453	0.23116689	0.01193679
0.18669009	0.24658951	0.01241117
0.18715565	0.23152251	0.01210688
0.18762122	0.22262762	0.01195212
0.18808678	0.24393011	0.01259560
0.18855234	0.26038357	0.01310193
0.18901790	0.26710649	0.01336060
0.18948346	0.21274956	0.01200568
0.18994902	0.23907971	0.01281465
0.19041458	0.23205624	0.01271248
0.19088014	0.23901703	0.01299161
0.19134571	0.25794568	0.01359078
0.19181127	0.21020475	0.01235524
0.19227683	0.21450822	0.01256958
0.19274239	0.21869702	0.01278229
0.19320795	0.23119229	0.01323681
0.19367351	0.21319634	0.01280318
0.19413907	0.20219193	0.01255925
0.19460464	0.24108784	0.01381488
0.19507020	0.23067418	0.01361324
0.19553576	0.23439205	0.01382488
0.19600132	0.23573860	0.01396884
0.19646688	0.21890785	0.01356308
0.19693244	0.22655152	0.01390346
0.19739800	0.23794360	0.01435880
0.19786356	0.22512350	0.01407553
0.19832913	0.23312963	0.01443638
0.19879469	0.22581330	0.01432101
0.19926025	0.23907259	0.01485381
0.19972581	0.28173219	0.01625555
0.20019137	0.20709220	0.01405119
0.20065693	0.22305550	0.01470364
0.20112249	0.23434591	0.01519758
0.20158805	0.22948176	0.01516664
0.20205362	0.21891454	0.01494052
0.20251918	0.22795438	0.01537838
0.20298474	0.22903011	0.01555027
0.20345030	0.22760786	0.01564008
0.20391586	0.21964344	0.01550275
0.20438142	0.22584168	0.01586384
0.20484698	0.21917775	0.01577305
0.20531255	0.23605892	0.01652324
0.20577811	0.23610411	0.01668258
0.20624367	0.20525593	0.01570533
0.20670923	0.20214214	0.01573905
0.20717479	0.25280694	0.01777714
0.20764035	0.25011478	0.01786170
0.20810591	0.25728280	0.01830274
0.20857147	0.23368222	0.01762608
0.20903704	0.21047058	0.01690630
0.20950260	0.26851956	0.01930332
0.20996816	0.20834798	0.01719153
0.21043372	0.18959563	0.01658435
0.21089928	0.16713258	0.01574967
0.21136484	0.21680530	0.01814803
0.21183040	0.19646209	0.01748190
0.21229597	0.22226040	0.01882093
0.21276153	0.20714800	0.01839596
0.21322709	0.20714557	0.01862983
0.21369265	0.19546809	0.01833245
0.21415821	0.23254749	0.02026185
0.21462377	0.22019617	0.01998503
0.21508933	0.21433225	0.01999233
0.21555489	0.22528456	0.02079010
0.21602046	0.25379848	0.02239064
0.21648602	0.22137926	0.02122711
0.21695158	0.26743277	0.02369243
0.21741714	0.22864794	0.02225648
0.21788270	0.19581811	0.02093497
0.21834826	0.22380660	0.02275997
0.21881382	0.27094755	0.02547991
0.21927939	0.26301960	0.02555737
0.21974495	0.18812051	0.02201769
0.22021051	0.17104402	0.02140050
0.22067607	0.22397540	0.02498004
0.22114163	0.18956894	0.02346017
0.22160719	0.21398381	0.02546549
0.22207275	0.16845952	0.02310545
0.22253831	0.17157417	0.02386847
0.22300388	0.22249507	0.02785214
0.22346944	0.19972838	0.02707278
0.22393500	0.23633138	0.03025225
0.22440056	0.22200124	0.03016419
0.22486612	0.18940297	0.02870994
0.22533168	0.20778027	0.03104294
0.22579724	0.23486783	0.03414268
0.22626281	0.17917770	0.03092331
0.22672837	0.14831610	0.02925424
0.22719393	0.15400434	0.03109596
0.22765949	0.22300768	0.03918196
0.22812505	0.17428818	0.03643556
0.22859061	0.12104439	0.03211785
0.22905617	0.18354044	0.04212568
0.22952173	0.22535220	0.05016629
0.22998730	0.14491508	0.04375595
0.23045286	0.11650091	0.04339521
0.23091842	0.27584058	0.07575266
0.23138398	0.11726891	0.05847104
0.23184954	0.24954047	0.11016820
