0.00372449	14.15754667	4.32860486
0.00419005	13.92040201	0.69455314
0.00465561	12.17935288	0.46413491
0.00512117	10.10824917	0.33667200
0.00558674	8.80360979	0.27501380
0.00605230	9.42607295	0.23415494
0.00651786	9.62667522	0.20114258
0.00698342	8.69310386	0.17171146
0.00744898	8.35546401	0.15409819
0.00791454	7.53192880	0.13544617
0.00838010	7.12959782	0.12216093
0.00884567	6.77454587	0.11060621
0.00931123	6.90163154	0.10368829
0.00977679	7.15880027	0.09631063
0.01024235	6.67773954	0.08760538
0.01070791	5.74603697	0.07928972
0.01117347	5.26643181	0.07432981
0.01163903	4.60511938	0.06788032
0.01210459	4.30696806	0.06427532
0.01257016	4.14479701	0.06179067
0.01303572	3.73935246	0.05753927
0.01350128	3.55541989	0.05510258
0.01396684	3.34634220	0.05254121
0.01443240	3.26266540	0.05097560
0.01489796	3.14311914	0.04918545
0.01536352	3.07166543	0.04786050
0.01582909	2.92591897	0.04600952
0.01629465	2.80962307	0.04439877
0.01676021	2.81621855	0.04379059
0.01722577	2.85141706	0.04344198
0.01769133	2.76498998	0.04219196
0.01815689	2.69334317	0.04188417
0.01862245	2.63791283	0.04197918
0.01908801	2.61880162	0.04191605
0.01955358	2.63219641	0.04199602
0.02001914	2.67485142	0.04223972
0.02048470	2.67892655	0.04214952
0.02095026	2.63748809	0.04164597
0.02141582	2.72380496	0.04215668
0.02188138	2.61663115	0.04112778
0.02234694	2.77168001	0.04213706
0.02281251	2.74535499	0.04173287
0.02327807	2.79639200	0.04189785
0.02374363	2.78757985	0.04161384
0.02420919	2.89497799	0.04219619
0.02467475	2.93122354	0.04222656
0.02514031	2.99069659	0.04242832
0.02560587	2.97623920	0.04209880
0.02607143	3.10212126	0.04273982
0.02653700	3.25404895	0.04353518
0.02700256	3.27660273	0.04346207
0.02746812	3.44094300	0.04430469
0.02793368	3.47417461	0.04427127
0.02839924	3.57714939	0.04469158
0.02886480	3.80071819	0.04580752
0.02933036	4.13162438	0.04751533
0.02979592	4.76770914	0.05077378
0.03026149	7.12837210	0.06174800
0.03072705	13.81794394	0.08551961
0.03119261	25.95371491	0.11662589
0.03165817	43.97096211	0.15101458
0.03212373	66.04471212	0.18417355
0.03258929	93.15921495	0.21783555
0.03305485	127.53062029	0.26135070
0.03352042	192.61471701	0.32507305
0.03398598	298.67528054	0.40711044
0.03445154	447.04143420	0.49940932
0.03491710	625.27482145	0.59118533
0.03538266	800.28390296	0.66887721
0.03584822	930.48682924	0.72412063
0.03631378	986.68234180	0.74868515
0.03677934	952.19562568	0.73829590
0.03724491	864.51507246	0.70592396
0.03771047	804.89175611	0.68169822
0.03817603	799.21974466	0.67823089
0.03864159	783.28242427	0.67012873
0.03910715	720.17012738	0.64138906
0.03957271	628.91158976	0.59824403
0.04003827	536.03075498	0.55118563
0.04050384	437.88081513	0.49719221
0.04096940	334.11014622	0.43330408
0.04143496	233.14869582	0.36118757
0.04190052	156.08275134	0.29489030
0.04236608	107.33397171	0.24398770
0.04283164	82.50459590	0.21345020
0.04329720	64.27581176	0.18793536
0.04376276	45.10208607	0.15706589
0.04422833	26.49558609	0.12011071
0.04469389	13.81142283	0.08651222
0.04515945	6.87935887	0.06091842
0.04562501	5.05901961	0.05210735
0.04609057	4.64956842	0.04983510
0.04655613	4.30699736	0.04785221
0.04702169	4.04478047	0.04625931
0.04748726	3.87920156	0.04519819
0.04795282	3.62915381	0.04360425
0.04841838	3.56006843	0.04308260
0.04888394	3.40422855	0.04202998
0.04934950	3.30968018	0.04133489
0.04981506	3.13394729	0.04012633
0.05028062	3.08538133	0.03971898
0.05074618	2.97089779	0.03888026
0.05121175	2.89314374	0.03827798
0.05167731	2.85638739	0.03793580
0.05214287	2.73603864	0.03703915
0.05260843	2.71108742	0.03678223
0.05307399	2.58986291	0.03586316
0.05353955	2.59479839	0.03581366
0.05400511	2.54187600	0.03535571
0.05447068	2.54477568	0.03529160
0.05493624	2.43019711	0.03440685
0.05540180	2.40515896	0.03414656
0.05586736	2.38557160	0.03392894
0.05633292	2.29826100	0.03321787
0.05679848	2.30162901	0.03316367
0.05726404	2.27985068	0.03292986
0.05772960	2.22529233	0.03245572
0.05819517	2.19111139	0.03213245
0.05866073	2.18297619	0.03199257
0.05912629	2.12333516	0.03147877
0.05959185	2.09460237	0.03119374
0.06005741	2.08539554	0.03105160
0.06052297	2.01218715	0.03043368
0.06098853	2.01680980	0.03039361
0.06145410	1.97878588	0.03003625
0.06191966	1.92772533	0.02957976
0.06238522	1.94527962	0.02964487
0.06285078	1.90410389	0.02926522
0.06331634	1.89477629	0.02912276
0.06378190	1.89887434	0.02908786
0.06424746	1.88511889	0.02891858
0.06471302	1.81592368	0.02831486
0.06517859	1.78884322	0.02804045
0.06564415	1.80194414	0.02808084
0.06610971	1.84079145	0.02831822
0.06657527	1.84374187	0.02827980
0.06704083	1.77796195	0.02770535
0.06750639	1.75489607	0.02746473
0.06797195	1.77581679	0.02756820
0.06843752	1.74264429	0.02724911
0.06890308	1.79171347	0.02757170
0.06936864	1.79516293	0.02753439
0.06983420	1.85777322	0.02794997
0.07029976	1.88554742	0.02809845
0.07076532	2.14666309	0.02991567
0.07123088	2.52851424	0.03240033
0.07169644	3.25174579	0.03665957
0.07216201	4.50717606	0.04306824
0.07262757	6.52735402	0.05172147
0.07309313	8.90103746	0.06026848
0.07355869	11.01716043	0.06691495
0.07402425	12.58696487	0.07136397
0.07448981	13.84361250	0.07468496
0.07495537	14.12637307	0.07529042
0.07542094	14.03011885	0.07487504
0.07588650	13.75144753	0.07398048
0.07635206	13.40752789	0.07288951
0.07681762	12.28150588	0.06961780
0.07728318	10.99425403	0.06573725
0.07774874	9.59114424	0.06126636
0.07821430	8.23272429	0.05664791
0.07867986	6.78783780	0.05133455
0.07914543	5.28352905	0.04519846
0.07961099	3.96620384	0.03908419
0.08007655	3.00508430	0.03394823
0.08054211	2.51067244	0.03096865
0.08100767	2.21402388	0.02902473
0.08147323	1.97003082	0.02732401
0.08193879	1.65084462	0.02496494
0.08240436	1.42233842	0.02312441
0.08286992	1.25515055	0.02168046
0.08333548	1.22636288	0.02138933
0.08380104	1.18615235	0.02099433
0.08426660	1.17940513	0.02089535
0.08473216	1.14942133	0.02058570
0.08519772	1.17734327	0.02079418
0.08566328	1.12525680	0.02029084
0.08612885	1.10438627	0.02006280
0.08659441	1.05621166	0.01958436
0.08705997	1.04857520	0.01947410
0.08752553	1.07377563	0.01966939
0.08799109	1.07498043	0.01964423
0.08845665	1.02932878	0.01918585
0.08892221	1.03209146	0.01917706
0.08938777	1.00838959	0.01891803
0.08985334	1.00638724	0.01886396
0.09031890	0.98971263	0.01867332
0.09078446	0.97532846	0.01850079
0.09125002	0.97053034	0.01842157
0.09171558	0.95781320	0.01826741
0.09218114	0.95604707	0.01821698
0.09264670	0.92652020	0.01790179
0.09311227	0.96800075	0.01826288
0.09357783	0.93644835	0.01793048
0.09404339	0.92207750	0.01776085
0.09450895	0.92243454	0.01773206
0.09497451	0.91551512	0.01763484
0.09544007	0.90006003	0.01745224
0.09590563	0.88566405	0.01728142
0.09637119	0.89609979	0.01735275
0.09683676	0.90520974	0.01740953
0.09730232	0.88292191	0.01716468
0.09776788	0.89492705	0.01724880
0.09823344	0.87972118	0.01707174
0.09869900	0.87477367	0.01699467
0.09916456	0.89051733	0.01711667
0.09963012	0.91911788	0.01736041
0.10009569	0.87026121	0.01686177
0.10056125	0.87171910	0.01684678
0.10102681	0.89224788	0.01701553
0.10149237	0.88104136	0.01687767
0.10195793	0.86081343	0.01665467
0.10242349	0.86635226	0.01668017
0.10288905	0.86345273	0.01662390
0.10335461	0.90354720	0.01697762
0.10382018	0.89127178	0.01683181
0.10428574	0.86670969	0.01657065
0.10475130	0.87743717	0.01664547
0.10521686	0.83657181	0.01622594
0.10568242	0.90036853	0.01680620
0.10614798	0.87757689	0.01656299
0.10661354	0.86840529	0.01644916
0.10707911	0.88145129	0.01654552
0.10754467	0.90908857	0.01677505
0.10801023	0.89473979	0.01661589
0.10847579	0.93085985	0.01691866
0.10894135	0.97656789	0.01730096
0.10940691	1.12188433	0.01851420
0.10987247	1.33172107	0.02013846
0.11033803	1.85003667	0.02369937
0.11080360	2.36579732	0.02675444
0.11126916	3.07535074	0.03045498
0.11173472	3.86612970	0.03409368
0.11220028	4.37364622	0.03620135
0.11266584	4.77616344	0.03777128
0.11313140	4.91239689	0.03824644
0.11359696	4.94949051	0.03832984
0.11406253	4.94941464	0.03827107
0.11452809	4.75478288	0.03744876
0.11499365	4.33995864	0.03572253
0.11545921	3.88814443	0.03376021
0.11592477	3.43513560	0.03168302
0.11639033	2.95315493	0.02933234
0.11685589	2.49366612	0.02690989
0.11732145	1.97683847	0.02392289
0.11778702	1.66571107	0.02192675
0.11825258	1.42369124	0.02024003
0.11871814	1.25612196	0.01898365
0.11918370	1.16061774	0.01821831
0.11964926	1.09060011	0.01763353
0.12011482	0.99693096	0.01683438
0.12058038	0.89735231	0.01594713
0.12104595	0.85181381	0.01551477
0.12151151	0.87614602	0.01570982
0.12197707	0.81859817	0.01516243
0.12244263	0.82776729	0.01522499
0.12290819	0.80204990	0.01496303
0.12337375	0.79408926	0.01486680
0.12383931	0.79590161	0.01486207
0.12430487	0.79331475	0.01481597
0.12477044	0.78335768	0.01470171
0.12523600	0.77550485	0.01460514
0.12570156	0.79637556	0.01477895
0.12616712	0.79237335	0.01472067
0.12663268	0.78778114	0.01465649
0.12709824	0.76334917	0.01440721
0.12756380	0.77235706	0.01446981
0.12802937	0.76703889	0.01439926
0.12849493	0.76779892	0.01438612
0.12896049	0.76021732	0.01429422
0.12942605	0.73986933	0.01408221
0.12989161	0.76088253	0.01425925
0.13035717	0.75191782	0.01415492
0.13082273	0.75490628	0.01416341
0.13128829	0.71158876	0.01373137
0.13175386	0.72623655	0.01385321
0.13221942	0.74378828	0.01399875
0.13268498	0.75041360	0.01404125
0.13315054	0.75815409	0.01409430
0.13361610	0.76722337	0.01415743
0.13408166	0.74826769	0.01396225
0.13454722	0.73834945	0.01385047
0.13501279	0.75008661	0.01394075
0.13547835	0.75523741	0.01396984
0.13594391	0.71931739	0.01361374
0.13640947	0.72588085	0.01365711
0.13687503	0.73501309	0.01372430
0.13734059	0.71030174	0.01347309
0.13780615	0.71430731	0.01349327
0.13827171	0.72875412	0.01360946
0.13873728	0.72210583	0.01352901
0.13920284	0.71516647	0.01344607
0.13966840	0.73203530	0.01358521
0.14013396	0.75933509	0.01381833
0.14059952	0.73986951	0.01362073
0.14106508	0.70836708	0.01330983
0.14153064	0.70039701	0.01321756
0.14199621	0.69602344	0.01315848
0.14246177	0.68279923	0.01301631
0.14292733	0.70178995	0.01317762
0.14339289	0.70230683	0.01316506
0.14385845	0.70705500	0.01319262
0.14432401	0.70952761	0.01319731
0.14478957	0.69841998	0.01307665
0.14525513	0.73327670	0.01338180
0.14572070	0.73101688	0.01334368
0.14618626	0.75035430	0.01350203
0.14665182	0.74769492	0.01345961
0.14711738	0.75310631	0.01349090
0.14758294	0.80134330	0.01389868
0.14804850	0.84234436	0.01423133
0.14851406	0.96819985	0.01523863
0.14897962	1.11998149	0.01636743
0.14944519	1.31472489	0.01771087
0.14991075	1.48541942	0.01880214
0.15037631	1.59716808	0.01947150
0.15084187	1.72470371	0.02020938
0.15130743	1.74883563	0.02032306
0.15177299	1.76851026	0.02041130
0.15223855	1.72862910	0.02015518
0.15270412	1.64132074	0.01961353
0.15316968	1.55116055	0.01904365
0.15363524	1.41207953	0.01814753
0.15410080	1.29982179	0.01738949
0.15456636	1.17864944	0.01653920
0.15503192	1.05751831	0.01564575
0.15549748	0.96069200	0.01489402
0.15596304	0.87259444	0.01417753
0.15642861	0.81449073	0.01368040
0.15689417	0.78743075	0.01343530
0.15735973	0.72041107	0.01283419
0.15782529	0.70895875	0.01271629
0.15829085	0.66420101	0.01229370
0.15875641	0.66935327	0.01232612
0.15922197	0.66856609	0.01230452
0.15968754	0.63524048	0.01197858
0.16015310	0.64501713	0.01205585
0.16061866	0.64905589	0.01207936
0.16108422	0.62844010	0.01187087
0.16154978	0.62704019	0.01184361
0.16201534	0.62460761	0.01180670
0.16248090	0.62089332	0.01175746
0.16294646	0.62268475	0.01176083
0.16341203	0.61202844	0.01169047
0.16387759	0.61984109	0.01213238
0.16434315	0.62736531	0.01244116
0.16480871	0.61249117	0.01241179
0.16527427	0.60879041	0.01247173
0.16573983	0.62557307	0.01317419
0.16620539	0.61981446	0.01350560
0.16667096	0.58212960	0.01339184
0.16713652	0.60581218	0.01393892
0.16760208	0.59909261	0.01411929
0.16806764	0.58629747	0.01421162
0.16853320	0.61698168	0.01481912
0.16899876	0.61204364	0.01493020
0.16946432	0.58488392	0.01472899
0.16992988	0.58809912	0.01489993
0.17039545	0.68955122	0.01627204
0.17086101	0.69685561	0.01649401
0.17132657	0.58929515	0.01529071
0.17179213	0.57516445	0.01522598
0.17225769	0.59672058	0.01562909
0.17272325	0.60492211	0.01585608
0.17318881	0.60006240	0.01591067
0.17365438	0.57919847	0.01574707
0.17411994	0.57141179	0.01575482
0.17458550	0.56536827	0.01578408
0.17505106	0.59144392	0.01625888
0.17551662	0.57869442	0.01619602
0.17598218	0.73494108	0.01837943
0.17644774	0.59127433	0.01659961
0.17691330	0.57310086	0.01645489
0.17737887	0.58138306	0.01668658
0.17784443	0.61400560	0.01726900
0.17830999	0.61880810	0.01744931
0.17877555	0.60891719	0.01742572
0.17924111	0.57115187	0.01698978
0.17970667	0.56245830	0.01697257
0.18017223	0.54356716	0.01680046
0.18063780	0.56758874	0.01727752
0.18110336	0.56037548	0.01728112
0.18156892	0.60439624	0.01806594
0.18203448	0.58604977	0.01790737
0.18250004	0.59318283	0.01813520
0.18296560	0.58688102	0.01815794
0.18343116	0.55388504	0.01775685
0.18389672	0.59714420	0.01855934
0.18436229	0.57856421	0.01838944
0.18482785	0.58561221	0.01862396
0.18529341	0.60969804	0.01912951
0.18575897	0.57720148	0.01873681
0.18622453	0.55296538	0.01846179
0.18669009	0.59014768	0.01920021
0.18715565	0.57705484	0.01911367
0.18762122	0.57935003	0.01928084
0.18808678	0.63460790	0.02031603
0.18855234	0.63902781	0.02052525
0.18901790	0.61023209	0.02019441
0.18948346	0.63040554	0.02066628
0.18994902	0.61016476	0.02047194
0.19041458	0.63197589	0.02097896
0.19088014	0.69046749	0.02208107
0.19134571	0.69932960	0.02237799
0.19181127	0.68971364	0.02238022
0.19227683	0.63106156	0.02155930
0.19274239	0.63591442	0.02179650
0.19320795	0.58546874	0.02106438
0.19367351	0.58115610	0.02113851
0.19413907	0.62638742	0.02210566
0.19460464	0.56915222	0.02122627
0.19507020	0.61664825	0.02225772
0.19553576	0.61881335	0.02246311
0.19600132	0.57878349	0.02188784
0.19646688	0.60457482	0.02253994
0.19693244	0.59331133	0.02249990
0.19739800	0.56399628	0.02210646
0.19786356	0.58842540	0.02275621
0.19832913	0.53896402	0.02195026
0.19879469	0.57427022	0.02283795
0.19926025	0.57403235	0.02301660
0.19972581	0.54995190	0.02271150
0.20019137	0.59445486	0.02380624
0.20065693	0.56053804	0.02330886
0.20112249	0.57678030	0.02384246
0.20158805	0.59853669	0.02449406
0.20205362	0.61042692	0.02494854
0.20251918	0.55365864	0.02396667
0.20298474	0.61493973	0.02548050
0.20345030	0.61204919	0.02564712
0.20391586	0.59841340	0.02558882
0.20438142	0.62737759	0.02644057
0.20484698	0.61547917	0.02643164
0.20531255	0.58720960	0.02606044
0.20577811	0.61775769	0.02698489
0.20624367	0.59810514	0.02680945
0.20670923	0.55649036	0.02611433
0.20717479	0.58276674	0.02699073
0.20764035	0.60252435	0.02772302
0.20810591	0.60764301	0.02812775
0.20857147	0.60063893	0.02825854
0.20903704	0.58358669	0.02815177
0.20950260	0.52458381	0.02698060
0.20996816	0.58476234	0.02880114
0.21043372	0.59733135	0.02943689
0.21089928	0.60726272	0.03002129
0.21136484	0.59576316	0.03008371
0.21183040	0.60800465	0.03075408
0.21229597	0.57266308	0.03021062
0.21276153	0.62892501	0.03205395
0.21322709	0.56957289	0.03089198
0.21369265	0.57116883	0.03133754
0.21415821	0.61189307	0.03286708
0.21462377	0.61811768	0.03348385
0.21508933	0.61816746	0.03395258
0.21555489	0.60088140	0.03395356
0.21602046	0.57593076	0.03372929
0.21648602	0.58339375	0.03445905
0.21695158	0.60117051	0.03552230
0.21741714	0.57025431	0.03514852
0.21788270	0.61493121	0.03709875
0.21834826	0.61920543	0.03785756
0.21881382	0.62757952	0.03877838
0.21927939	0.57765827	0.03787543
0.21974495	0.61165587	0.03970153
0.22021051	0.62334321	0.04085391
0.22067607	0.63597163	0.04209319
0.22114163	0.62152744	0.04247933
0.22160719	0.65215986	0.04445685
0.22207275	0.66638098	0.04595449
0.22253831	0.71992305	0.04889243
0.22300388	0.65329304	0.04772570
0.22346944	0.77006124	0.05315885
0.22393500	0.55021311	0.04615964
0.22440056	0.62575292	0.05064254
0.22486612	0.66305833	0.05371738
0.22533168	0.58030199	0.05187853
0.22579724	0.64879657	0.05674663
0.22626281	0.77458603	0.06429524
0.22672837	0.85399200	0.07019749
0.22719393	0.72646914	0.06753767
0.22765949	0.88340181	0.07798398
0.22812505	0.76690969	0.07642995
0.22859061	1.01819871	0.09315161
0.22905617	0.80523939	0.08823555
0.22952173	0.84032490	0.09687343
0.22998730	0.86660701	0.10700189
0.23045286	0.84011288	0.11653221
0.23091842	0.76798597	0.12639952
0.23138398	0.59368956	0.13156158
0.23184954	0.64363119	0.17693114
