0.00372449	309.68931193	20.24496593
0.00419005	266.94013913	3.04149097
0.00465561	228.47385143	2.01025142
0.00512117	205.89266757	1.51946070
0.00558674	186.73747314	1.26660100
0.00605230	178.20616674	1.01812074
0.00651786	168.40522492	0.84128595
0.00698342	156.10326111	0.72764211
0.00744898	150.75241085	0.65455236
0.00791454	141.11177363	0.58626673
0.00838010	135.83579587	0.53322061
0.00884567	132.05086591	0.48832624
0.00931123	128.89953677	0.44810473
0.00977679	131.46805936	0.41272829
0.01024235	125.57782255	0.37990284
0.01070791	113.39734950	0.35223630
0.01117347	104.73356349	0.33147268
0.01163903	96.91811388	0.31140525
0.01210459	90.18733808	0.29412450
0.01257016	84.69769349	0.27932324
0.01303572	79.58807736	0.26545455
0.01350128	75.74562382	0.25433448
0.01396684	71.43729388	0.24276016
0.01443240	67.86403742	0.23248555
0.01489796	64.65466700	0.22307771
0.01536352	61.81141236	0.21469634
0.01582909	59.21680354	0.20698510
0.01629465	56.29172145	0.19873262
0.01676021	54.25165148	0.19220031
0.01722577	52.91959887	0.18714900
0.01769133	51.00405513	0.18121132
0.01815689	50.67535595	0.18167805
0.01862245	50.11974985	0.18298190
0.01908801	50.46662103	0.18400567
0.01955358	51.25745601	0.18532221
0.02001914	53.42977435	0.18878297
0.02048470	57.75993942	0.19571566
0.02095026	63.60667465	0.20451685
0.02141582	72.39622869	0.21733835
0.02188138	86.24076727	0.23611320
0.02234694	107.88646290	0.26289129
0.02281251	142.06655342	0.30020986
0.02327807	191.25205268	0.34649404
0.02374363	252.65758038	0.39617796
0.02420919	324.97035802	0.44706684
0.02467475	395.66687104	0.49059834
0.02514031	453.21443820	0.52230182
0.02560587	484.19110120	0.53696278
0.02607143	481.53469191	0.53249691
0.02653700	448.85829627	0.51130842
0.02700256	395.72584193	0.47763448
0.02746812	350.89103643	0.44740120
0.02793368	329.96211885	0.43144773
0.02839924	329.03836003	0.42862794
0.02886480	328.40053066	0.42580023
0.02933036	316.63744648	0.41596281
0.02979592	291.41978264	0.39695764
0.03026149	254.15277157	0.36870171
0.03072705	208.14499493	0.33191507
0.03119261	159.82279002	0.28941068
0.03165817	117.41268507	0.24677059
0.03212373	84.16177068	0.20790535
0.03258929	61.09943337	0.17641457
0.03305485	48.50159315	0.16117379
0.03352042	39.05939777	0.14638582
0.03398598	32.12430050	0.13351481
0.03445154	26.86672831	0.12243065
0.03491710	22.46617817	0.11206056
0.03538266	19.90124871	0.10547864
0.03584822	18.17843823	0.10121249
0.03631378	16.64438812	0.09723989
0.03677934	15.45591192	0.09406210
0.03724491	14.55749712	0.09160412
0.03771047	13.50307279	0.08829573
0.03817603	12.91192864	0.08620650
0.03864159	12.26427741	0.08385328
0.03910715	11.63868903	0.08153724
0.03957271	11.01865979	0.07918592
0.04003827	10.73801250	0.07801264
0.04050384	10.28050802	0.07618222
0.04096940	9.88772687	0.07454117
0.04143496	9.53783941	0.07305355
0.04190052	9.27289952	0.07187714
0.04236608	9.00261802	0.07066165
0.04283164	8.85218087	0.06991698
0.04329720	8.61445598	0.06880162
0.04376276	8.37020629	0.06766306
0.04422833	8.53525196	0.06817154
0.04469389	8.22614671	0.06676617
0.04515945	8.22912677	0.06662720
0.04562501	8.01937422	0.06560487
0.04609057	8.07681982	0.06568243
0.04655613	7.90412410	0.06482486
0.04702169	8.06824418	0.06533429
0.04748726	8.09712006	0.06530030
0.04795282	8.17351629	0.06543809
0.04841838	8.45300768	0.06638628
0.04888394	8.80148147	0.06758148
0.04934950	9.40314646	0.06967233
0.04981506	9.99037148	0.07164311
0.05028062	11.04238285	0.07514067
0.05074618	12.60331580	0.08008067
0.05121175	14.72743991	0.08636298
0.05167731	17.64341116	0.09428269
0.05214287	20.90004287	0.10237019
0.05260843	24.58521646	0.11076519
0.05307399	28.11091806	0.11815379
0.05353955	31.16423581	0.12411526
0.05400511	33.34435999	0.12805414
0.05447068	34.19147284	0.12936164
0.05493624	33.80452347	0.12832507
0.05540180	33.60379059	0.12763482
0.05586736	33.29574824	0.12675597
0.05633292	32.80104590	0.12549196
0.05679848	31.35353756	0.12240190
0.05726404	29.28432765	0.11801966
0.05772960	26.44249829	0.11187910
0.05819517	22.95192674	0.10399709
0.05866073	19.12255919	0.09468860
0.05912629	15.37070472	0.08469454
0.05959185	12.59112538	0.07648019
0.06005741	10.16660382	0.06856110
0.06052297	8.41286892	0.06222892
0.06098853	7.08501977	0.05696661
0.06145410	6.10007511	0.05273681
0.06191966	5.47878640	0.04986711
0.06238522	4.87096361	0.04691006
0.06285078	4.39913137	0.04448258
0.06331634	4.09534334	0.04281528
0.06378190	3.71565866	0.04068942
0.06424746	3.53352388	0.03959238
0.06471302	3.21787225	0.03769207
0.06517859	3.04861034	0.03660579
0.06564415	2.87000183	0.03543893
0.06610971	2.84954820	0.03523316
0.06657527	2.70457311	0.03425119
0.06704083	2.54133859	0.03312330
0.06750639	2.46820497	0.03257169
0.06797195	2.36579985	0.03181986
0.06843752	2.30482301	0.03133767
0.06890308	2.21520028	0.03065743
0.06936864	2.15963824	0.03020049
0.06983420	2.04840015	0.02934894
0.07029976	2.03838302	0.02921504
0.07076532	1.96338591	0.02861012
0.07123088	1.95070473	0.02845853
0.07169644	1.82625593	0.02747324
0.07216201	1.83935797	0.02751300
0.07262757	1.80135158	0.02717074
0.07309313	1.76913797	0.02686896
0.07355869	1.73713159	0.02657080
0.07402425	1.69540878	0.02619122
0.07448981	1.72157168	0.02633728
0.07495537	1.67646414	0.02593710
0.07542094	1.60117741	0.02529450
0.07588650	1.60202150	0.02525091
0.07635206	1.62302017	0.02536020
0.07681762	1.56706632	0.02486785
0.07728318	1.55375646	0.02471270
0.07774874	1.56707237	0.02476461
0.07821430	1.60836085	0.02503824
0.07867986	1.53977301	0.02444964
0.07914543	1.57178960	0.02465238
0.07961099	1.61000062	0.02490156
0.08007655	1.63687336	0.02505511
0.08054211	1.63092259	0.02495996
0.08100767	1.67524243	0.02524735
0.08147323	1.81846743	0.02625190
0.08193879	1.80604218	0.02611207
0.08240436	1.79530100	0.02597992
0.08286992	1.80604666	0.02600669
0.08333548	1.76633203	0.02566989
0.08380104	1.72962968	0.02535178
0.08426660	1.68277973	0.02495927
0.08473216	1.64052412	0.02459333
0.08519772	1.54039948	0.02378520
0.08566328	1.44250214	0.02297378
0.08612885	1.41434516	0.02270434
0.08659441	1.31671860	0.02186656
0.08705997	1.23029778	0.02109418
0.08752553	1.16453555	0.02048380
0.08799109	1.08871276	0.01976930
0.08845665	1.04135303	0.01929758
0.08892221	1.03464995	0.01920081
0.08938777	1.03300866	0.01914757
0.08985334	0.94930028	0.01832112
0.09031890	0.92767358	0.01807859
0.09078446	0.90473722	0.01781870
0.09125002	0.89451095	0.01768540
0.09171558	0.88204246	0.01752997
0.09218114	0.88034697	0.01748089
0.09264670	0.89927408	0.01763660
0.09311227	0.85748304	0.01718875
0.09357783	0.81507609	0.01672819
0.09404339	0.84891594	0.01704168
0.09450895	0.85435773	0.01706520
0.09497451	0.81205917	0.01660859
0.09544007	0.84927082	0.01695269
0.09590563	0.82526074	0.01668171
0.09637119	0.78422875	0.01623347
0.09683676	0.81722252	0.01654180
0.09730232	0.81998000	0.01654155
0.09776788	0.78535859	0.01615843
0.09823344	0.85281473	0.01680864
0.09869900	0.81448331	0.01639857
0.09916456	0.78348628	0.01605513
0.09963012	0.79638458	0.01615980
0.10009569	0.78481067	0.01601256
0.10056125	0.78893882	0.01602693
0.10102681	0.79370849	0.01604845
0.10149237	0.77124515	0.01579103
0.10195793	0.80632195	0.01611891
0.10242349	0.81043203	0.01613287
0.10288905	0.77360762	0.01573526
0.10335461	0.77646991	0.01573851
0.10382018	0.79451598	0.01589195
0.10428574	0.79691989	0.01588949
0.10475130	0.77623874	0.01565618
0.10521686	0.77450730	0.01561244
0.10568242	0.76927359	0.01553459
0.10614798	0.79255157	0.01574019
0.10661354	0.79106430	0.01569959
0.10707911	0.82100703	0.01596815
0.10754467	0.80031919	0.01573955
0.10801023	0.83551937	0.01605659
0.10847579	0.82014432	0.01588068
0.10894135	0.83659607	0.01601316
0.10940691	0.86258550	0.01623425
0.10987247	0.87868519	0.01635822
0.11033803	0.90232336	0.01655114
0.11080360	0.89866367	0.01648943
0.11126916	0.89946349	0.01647035
0.11173472	0.92274175	0.01665619
0.11220028	0.88887013	0.01632007
0.11266584	0.92127955	0.01658891
0.11313140	0.93325957	0.01667038
0.11359696	0.92005611	0.01652585
0.11406253	0.91284939	0.01643589
0.11452809	0.89009732	0.01620283
0.11499365	0.88503106	0.01613165
0.11545921	0.88582984	0.01611421
0.11592477	0.87870150	0.01602416
0.11639033	0.84598938	0.01569951
0.11685589	0.84376107	0.01565318
0.11732145	0.84011772	0.01559546
0.11778702	0.82735252	0.01545325
0.11825258	0.81761725	0.01533833
0.11871814	0.82213109	0.01535799
0.11918370	0.82914468	0.01539851
0.11964926	0.82758490	0.01536076
0.12011482	0.79486030	0.01503176
0.12058038	0.80889354	0.01514072
0.12104595	0.76682153	0.01472042
0.12151151	0.79232487	0.01493945
0.12197707	0.79528060	0.01494492
0.12244263	0.79218170	0.01489413
0.12290819	0.79770327	0.01492243
0.12337375	0.76052772	0.01454924
0.12383931	0.74439370	0.01437312
0.12430487	0.78831243	0.01476919
0.12477044	0.77405773	0.01461418
0.12523600	0.75890168	0.01444795
0.12570156	0.75766574	0.01441529
0.12616712	0.73712077	0.01419815
0.12663268	0.74944302	0.01429541
0.12709824	0.78030752	0.01456637
0.12756380	0.76232961	0.01437557
0.12802937	0.77391961	0.01446370
0.12849493	0.73706101	0.01409522
0.12896049	0.74957595	0.01419382
0.12942605	0.71700803	0.01386294
0.12989161	0.73308534	0.01399636
0.13035717	0.74807711	0.01411872
0.13082273	0.75486826	0.01416305
0.13128829	0.73248733	0.01393155
0.13175386	0.76297662	0.01419930
0.13221942	0.76609805	0.01420715
0.13268498	0.72580985	0.01380915
0.13315054	0.73648360	0.01389141
0.13361610	0.76548678	0.01414140
0.13408166	0.75372160	0.01401304
0.13454722	0.76426566	0.01409145
0.13501279	0.76404465	0.01406986
0.13547835	0.80318775	0.01440649
0.13594391	0.79381544	0.01430134
0.13640947	0.78786627	0.01422828
0.13687503	0.80431876	0.01435678
0.13734059	0.79486825	0.01425257
0.13780615	0.81545332	0.01441698
0.13827171	0.80254116	0.01428184
0.13873728	0.81779779	0.01439754
0.13920284	0.85178257	0.01467426
0.13966840	0.79973528	0.01419952
0.14013396	0.81484290	0.01431449
0.14059952	0.82081293	0.01434647
0.14106508	0.80879445	0.01422206
0.14153064	0.78726687	0.01401329
0.14199621	0.76870970	0.01382849
0.14246177	0.80087455	0.01409690
0.14292733	0.77984061	0.01389109
0.14339289	0.75976778	0.01369304
0.14385845	0.75068809	0.01359359
0.14432401	0.73973292	0.01347530
0.14478957	0.73269954	0.01339372
0.14525513	0.74350011	0.01347476
0.14572070	0.71161844	0.01316544
0.14618626	0.72925796	0.01331087
0.14665182	0.73329736	0.01332939
0.14711738	0.71511047	0.01314617
0.14758294	0.71714187	0.01314821
0.14804850	0.71082775	0.01307322
0.14851406	0.70569494	0.01300984
0.14897962	0.68708708	0.01281979
0.14944519	0.68564765	0.01279007
0.14991075	0.67324315	0.01265811
0.15037631	0.67101063	0.01262086
0.15084187	0.65975067	0.01249930
0.15130743	0.69103696	0.01277513
0.15177299	0.69611286	0.01280580
0.15223855	0.65172640	0.01237566
0.15270412	0.65202132	0.01236203
0.15316968	0.65921213	0.01241465
0.15363524	0.62467102	0.01207018
0.15410080	0.64066320	0.01220843
0.15456636	0.61985524	0.01199409
0.15503192	0.64076874	0.01217876
0.15549748	0.62814132	0.01204338
0.15596304	0.61365991	0.01188935
0.15642861	0.64443992	0.01216878
0.15689417	0.61431034	0.01186684
0.15735973	0.60914629	0.01180155
0.15782529	0.63174506	0.01200386
0.15829085	0.63658117	0.01203538
0.15875641	0.60715245	0.01173945
0.15922197	0.60544383	0.01170926
0.15968754	0.59266287	0.01157018
0.16015310	0.61160470	0.01173944
0.16061866	0.61598898	0.01176764
0.16108422	0.59530841	0.01155372
0.16154978	0.62118796	0.01178822
0.16201534	0.60851071	0.01165357
0.16248090	0.58038625	0.01136746
0.16294646	0.62447478	0.01177772
0.16341203	0.60563767	0.01162927
0.16387759	0.57873936	0.01172323
0.16434315	0.58303043	0.01199351
0.16480871	0.59139955	0.01219621
0.16527427	0.59276637	0.01230650
0.16573983	0.57297857	0.01260823
0.16620539	0.61153401	0.01341508
0.16667096	0.61226357	0.01373408
0.16713652	0.57683341	0.01360145
0.16760208	0.61116954	0.01426090
0.16806764	0.58628529	0.01421147
0.16853320	0.55635868	0.01407225
0.16899876	0.59040094	0.01466385
0.16946432	0.59018615	0.01479560
0.16992988	0.57698887	0.01475851
0.17039545	0.67150931	0.01605775
0.17086101	0.66736357	0.01614121
0.17132657	0.57057367	0.01504586
0.17179213	0.55947034	0.01501681
0.17225769	0.57245338	0.01530799
0.17272325	0.57801377	0.01549941
0.17318881	0.58109202	0.01565715
0.17365438	0.57455112	0.01568377
0.17411994	0.57835034	0.01585019
0.17458550	0.56342185	0.01575689
0.17505106	0.55779951	0.01578967
0.17551662	0.53874324	0.01562696
0.17598218	0.75176388	0.01858859
0.17644774	0.55172648	0.01603487
0.17691330	0.55891068	0.01624990
0.17737887	0.54331427	0.01613101
0.17784443	0.58589438	0.01686905
0.17830999	0.57155002	0.01676978
0.17877555	0.55886778	0.01669422
0.17924111	0.52952915	0.01635900
0.17970667	0.56005924	0.01693634
0.18017223	0.54912047	0.01688607
0.18063780	0.51707671	0.01649081
0.18110336	0.52787941	0.01677257
0.18156892	0.54595614	0.01717033
0.18203448	0.52578855	0.01696173
0.18250004	0.55803080	0.01758965
0.18296560	0.54831171	0.01755114
0.18343116	0.57415175	0.01807880
0.18389672	0.54223190	0.01768542
0.18436229	0.58364325	0.01846999
0.18482785	0.58352704	0.01859077
0.18529341	0.55224003	0.01820582
0.18575897	0.54031679	0.01812826
0.18622453	0.55369071	0.01847389
0.18669009	0.58020133	0.01903772
0.18715565	0.54003692	0.01849044
0.18762122	0.54447583	0.01869152
0.18808678	0.56374243	0.01914813
0.18855234	0.52018461	0.01851856
0.18901790	0.54423383	0.01907113
0.18948346	0.55641191	0.01941559
0.18994902	0.52684701	0.01902294
0.19041458	0.52433387	0.01910899
0.19088014	0.52960779	0.01933863
0.19134571	0.55869976	0.02000182
0.19181127	0.52137027	0.01945822
0.19227683	0.55831074	0.02027854
0.19274239	0.52678562	0.01983829
0.19320795	0.53163901	0.02007267
0.19367351	0.53871780	0.02035207
0.19413907	0.55425902	0.02079401
0.19460464	0.52338393	0.02035494
0.19507020	0.51296408	0.02030044
0.19553576	0.49818897	0.02015520
0.19600132	0.52132589	0.02077302
0.19646688	0.52467809	0.02099781
0.19693244	0.57842099	0.02221577
0.19739800	0.56659896	0.02215741
0.19786356	0.56326536	0.02226439
0.19832913	0.53140653	0.02179582
0.19879469	0.48598409	0.02100922
0.19926025	0.51518257	0.02180487
0.19972581	0.57968371	0.02331734
0.20019137	0.49614973	0.02174892
0.20065693	0.52294478	0.02251367
0.20112249	0.49399378	0.02206514
0.20158805	0.57964546	0.02410441
0.20205362	0.50768368	0.02275228
0.20251918	0.60960665	0.02514846
0.20298474	0.56246239	0.02436904
0.20345030	0.48661683	0.02286857
0.20391586	0.54747800	0.02447558
0.20438142	0.52758882	0.02424678
0.20484698	0.49431362	0.02368747
0.20531255	0.51788314	0.02447378
0.20577811	0.49499248	0.02415521
0.20624367	0.53250205	0.02529646
0.20670923	0.50625455	0.02490776
0.20717479	0.52993579	0.02573824
0.20764035	0.52413367	0.02585677
0.20810591	0.53845903	0.02647812
0.20857147	0.57601621	0.02767326
0.20903704	0.60603949	0.02868821
0.20950260	0.57031991	0.02813218
0.20996816	0.50622059	0.02679723
0.21043372	0.52389992	0.02756820
0.21089928	0.54637251	0.02847642
0.21136484	0.57558646	0.02956990
0.21183040	0.58103251	0.03006419
0.21229597	0.53692574	0.02925278
0.21276153	0.51818242	0.02909535
0.21322709	0.54593158	0.03024407
0.21369265	0.54506387	0.03061303
0.21415821	0.58597601	0.03216349
0.21462377	0.52652674	0.03090367
0.21508933	0.60634919	0.03362646
0.21555489	0.55243094	0.03255592
0.21602046	0.53812804	0.03260355
0.21648602	0.58036628	0.03436952
0.21695158	0.51964750	0.03302605
0.21741714	0.55761236	0.03475673
0.21788270	0.56038112	0.03541504
0.21834826	0.57104749	0.03635560
0.21881382	0.55574025	0.03649145
0.21927939	0.47447878	0.03432658
0.21974495	0.45368725	0.03419259
0.22021051	0.57328538	0.03917918
0.22067607	0.44944899	0.03538614
0.22114163	0.54717891	0.03985770
0.22160719	0.56679360	0.04144519
0.22207275	0.54664332	0.04162159
0.22253831	0.51136138	0.04120620
0.22300388	0.51667249	0.04244299
0.22346944	0.61388820	0.04746326
0.22393500	0.54928337	0.04612062
0.22440056	0.56564711	0.04814895
0.22486612	0.53857062	0.04841281
0.22533168	0.53102941	0.04962722
0.22579724	0.50639533	0.05013380
0.22626281	0.51866256	0.05261220
0.22672837	0.64105549	0.06081946
0.22719393	0.69462137	0.06604068
0.22765949	0.51133457	0.05933061
0.22812505	0.53809715	0.06402091
0.22859061	0.69923635	0.07719445
0.22905617	0.97009334	0.09684737
0.22952173	0.64926671	0.08515157
0.22998730	0.54291303	0.08469260
0.23045286	0.49585956	0.08952751
0.23091842	0.56773241	0.10867775
0.23138398	0.39330377	0.10708125
0.23184954	0.30100504	0.12099645
