0.00646896	24.80160169	2.22591588
0.00693103	23.79434646	0.25822027
0.00739310	26.12952768	0.21154512
0.00785517	21.00081799	0.18190379
0.00831724	17.00238681	0.15831245
0.00877931	13.70758082	0.13756466
0.00924138	11.37310576	0.12129425
0.00970345	9.29570818	0.10685214
0.01016552	7.67153628	0.09477222
0.01062758	6.59719215	0.08570042
0.01108965	5.60697154	0.07718151
0.01155172	4.94864918	0.07084176
0.01201379	4.27018968	0.06441533
0.01247586	3.90161468	0.06034669
0.01293793	3.47389250	0.05585297
0.01340000	3.11171821	0.05191115
0.01386207	2.82571682	0.04858874
0.01432414	2.52837039	0.04518819
0.01478620	2.30816650	0.04247988
0.01524827	2.10154980	0.03986414
0.01571034	1.84514005	0.03678238
0.01617241	1.70043718	0.03478113
0.01663448	1.62154989	0.03347548
0.01709655	1.53661078	0.03212323
0.01755862	1.40414192	0.03082701
0.01802069	1.35675074	0.03070788
0.01848276	1.25864104	0.02964656
0.01894482	1.18169938	0.02871842
0.01940689	1.10871980	0.02773935
0.01986896	0.98777734	0.02609263
0.02033103	0.98306652	0.02593657
0.02079310	0.96245801	0.02555705
0.02125517	0.96293109	0.02544228
0.02171724	0.88518794	0.02427842
0.02217931	0.90578775	0.02443175
0.02264138	0.83583294	0.02334757
0.02310344	0.74525707	0.02192879
0.02356551	0.80136535	0.02261313
0.02402758	0.75169573	0.02177797
0.02448965	0.78738318	0.02217136
0.02495172	0.69057673	0.02065056
0.02541379	0.74111526	0.02127512
0.02587586	0.71221347	0.02073877
0.02633793	0.70126845	0.02046772
0.02680000	0.65574908	0.01967958
0.02726206	0.67856924	0.01991306
0.02772413	0.62746931	0.01904109
0.02818620	0.64537561	0.01920449
0.02864827	0.65231803	0.01920633
0.02911034	0.59878247	0.01830119
0.02957241	0.61750960	0.01848321
0.03003448	0.61365169	0.01833065
0.03049655	0.62977779	0.01847253
0.03095862	0.62066770	0.01824033
0.03142068	0.61304030	0.01803611
0.03188275	0.62591491	0.01812733
0.03234482	0.63409747	0.01815237
0.03280689	0.59677906	0.01751841
0.03326896	0.60803500	0.01759462
0.03373103	0.57578163	0.01703603
0.03419310	0.59928089	0.01729674
0.03465517	0.61823284	0.01748059
0.03511724	0.57740713	0.01681038
0.03557930	0.56396496	0.01653402
0.03604137	0.56005247	0.01675782
0.03650344	0.57147470	0.01719140
0.03696551	0.59470566	0.01765793
0.03742758	0.59129176	0.01765171
0.03788965	0.62188824	0.01811260
0.03835172	0.55554825	0.01717153
0.03881379	0.59887568	0.01791662
0.03927586	0.61350487	0.01821335
0.03973792	0.60115976	0.01809938
0.04019999	0.61915355	0.01838953
0.04066206	0.61478817	0.01830075
0.04112413	0.60000513	0.01805384
0.04158620	0.62534944	0.01840317
0.04204827	0.61355760	0.01819913
0.04251034	0.60606265	0.01805693
0.04297241	0.61758783	0.01819492
0.04343448	0.63220464	0.01837508
0.04389654	0.61366851	0.01806942
0.04435861	0.64586431	0.01850123
0.04482068	0.65234466	0.01855702
0.04528275	0.66448382	0.01869082
0.04574482	0.65304460	0.01849137
0.04620689	0.61714018	0.01793795
0.04666896	0.69132268	0.01894536
0.04713103	0.65618717	0.01841841
0.04759310	0.65647517	0.01838269
0.04805516	0.67183530	0.01855637
0.04851723	0.67426022	0.01854880
0.04897930	0.64744872	0.01813633
0.04944137	0.71646697	0.01903649
0.04990344	0.70064071	0.01878322
0.05036551	0.70530297	0.01880383
0.05082758	0.72632005	0.01903889
0.05128965	0.71998076	0.01891320
0.05175172	0.73433568	0.01905801
0.05221378	0.73067012	0.01896760
0.05267585	0.73630242	0.01899785
0.05313792	0.76094805	0.01926953
0.05359999	0.78067776	0.01947396
0.05406206	0.77654952	0.01937818
0.05452413	0.80892799	0.01973341
0.05498620	0.82449412	0.01987756
0.05544827	0.80371312	0.01958112
0.05591034	0.82190047	0.01975703
0.05637240	0.84625272	0.02000204
0.05683447	0.92736918	0.02089167
0.05729654	0.88865590	0.02040512
0.05775861	0.92191015	0.02073672
0.05822068	0.91728209	0.02063846
0.05868275	0.92964759	0.02073022
0.05914482	0.94010250	0.02079997
0.05960689	0.95517243	0.02091938
0.06006896	1.03503835	0.02172795
0.06053102	1.03748032	0.02170545
0.06099309	1.01255845	0.02139557
0.06145516	1.08189246	0.02206735
0.06191723	1.10509860	0.02225316
0.06237930	1.09385646	0.02209100
0.06284137	1.12797220	0.02238378
0.06330344	1.17370860	0.02278303
0.06376551	1.26062603	0.02356025
0.06422758	1.25565998	0.02346218
0.06468964	1.29130116	0.02374122
0.06515171	1.32559682	0.02400247
0.06561378	1.33442571	0.02403024
0.06607585	1.36408433	0.02424372
0.06653792	1.42004255	0.02468246
0.06699999	1.47920342	0.02513753
0.06746206	1.51988731	0.02542660
0.06792413	1.58311673	0.02589488
0.06838620	1.62360043	0.02616846
0.06884826	1.70488819	0.02675873
0.06931033	1.74212642	0.02699266
0.06977240	1.74013249	0.02692005
0.07023447	1.81463901	0.02743276
0.07069654	1.84004924	0.02756664
0.07115861	1.98003421	0.02853642
0.07162068	2.00063616	0.02862524
0.07208275	2.09751420	0.02924900
0.07254482	2.11311312	0.02929710
0.07300688	2.21194673	0.02991295
0.07346895	2.21958815	0.02990317
0.07393102	2.28847260	0.03030190
0.07439309	2.39907446	0.03096222
0.07485516	2.45988418	0.03128894
0.07531723	2.58277285	0.03199564
0.07577930	2.62175885	0.03217126
0.07624137	2.74948971	0.03287969
0.07670344	2.96219697	0.03405941
0.07716550	3.14960497	0.03505059
0.07762757	3.44571118	0.03658773
0.07808964	3.63931240	0.03752708
0.07855171	3.92865349	0.03891355
0.07901378	4.11835538	0.03976347
0.07947585	4.41250352	0.04107863
0.07993792	4.53142743	0.04154647
0.08039999	4.81630761	0.04274917
0.08086206	4.85157974	0.04282228
0.08132412	4.86860794	0.04281429
0.08178619	4.96212221	0.04314046
0.08224826	5.14081175	0.04382574
0.08271033	5.55708990	0.04547877
0.08317240	5.90889886	0.04680599
0.08363447	6.61603242	0.04943331
0.08409654	7.51408579	0.05258199
0.08455861	9.57371268	0.05924012
0.08502067	14.20729361	0.07203050
0.08548274	23.82760372	0.09310607
0.08594481	37.71954302	0.11692515
0.08640688	51.84298326	0.13682359
0.08686895	64.56199259	0.15240366
0.08733102	76.69998818	0.16580689
0.08779309	87.15474988	0.17641731
0.08825516	90.52091597	0.17946136
0.08871723	84.31130825	0.17287952
0.08917929	74.46330247	0.16217225
0.08964136	61.02557643	0.14654537
0.09010343	43.64372962	0.12370457
0.09056550	26.32333135	0.09589866
0.09102757	14.44514874	0.07091081
0.09148964	8.71939342	0.05499368
0.09195171	6.31040084	0.04670048
0.09241378	5.05372145	0.04171772
0.09287585	4.40993000	0.03890097
0.09333791	3.91818024	0.03660235
0.09379998	3.62709578	0.03515423
0.09426205	3.44942031	0.03422209
0.09472412	3.39576713	0.03389515
0.09518619	3.21624352	0.03292947
0.09564826	3.06005478	0.03206340
0.09611033	3.01192681	0.03175495
0.09657240	2.87345301	0.03096268
0.09703447	2.76281133	0.03030818
0.09749653	2.79291418	0.03042050
0.09795860	2.69274075	0.02981853
0.09842067	2.58885747	0.02918787
0.09888274	2.52896559	0.02879861
0.09934481	2.49771084	0.02857139
0.09980688	2.33827566	0.02759770
0.10026895	2.36176604	0.02768899
0.10073102	2.32633828	0.02743442
0.10119309	2.30232911	0.02724624
0.10165515	2.18380994	0.02649125
0.10211722	2.10842874	0.02598666
0.10257929	2.08890871	0.02582297
0.10304136	2.04699201	0.02552033
0.10350343	2.03961465	0.02543181
0.10396550	1.94901306	0.02481958
0.10442757	1.85750341	0.02419015
0.10488964	1.87298918	0.02425094
0.10535171	1.80219756	0.02374950
0.10581377	1.78303175	0.02358431
0.10627584	1.79149589	0.02360203
0.10673791	1.76300385	0.02337538
0.10719998	1.71727933	0.02303302
0.10766205	1.67381927	0.02270322
0.10812412	1.66805341	0.02262766
0.10858619	1.62722580	0.02231345
0.10904826	1.58781045	0.02200613
0.10951033	1.55761264	0.02176123
0.10997239	1.53233791	0.02154983
0.11043446	1.55560119	0.02167844
0.11089653	1.48535069	0.02115006
0.11135860	1.47993795	0.02107806
0.11182067	1.49261508	0.02113503
0.11228274	1.47438337	0.02097282
0.11274481	1.44101635	0.02070185
0.11320688	1.42032279	0.02052089
0.11366895	1.38061749	0.02020064
0.11413101	1.36754762	0.02007394
0.11459308	1.33422878	0.01979714
0.11505515	1.31239637	0.01960438
0.11551722	1.32382814	0.01965956
0.11597929	1.30416926	0.01948323
0.11644136	1.29596387	0.01939246
0.11690343	1.26604981	0.01913804
0.11736550	1.25404469	0.01901831
0.11782757	1.24136163	0.01889345
0.11828963	1.25093974	0.01893765
0.11875170	1.25492945	0.01893953
0.11921377	1.23907355	0.01879115
0.11967584	1.25793239	0.01890542
0.12013791	1.22833826	0.01865402
0.12059998	1.28894965	0.01908037
0.12106205	1.43478654	0.02010124
0.12152412	1.65713756	0.02157065
0.12198619	2.01312249	0.02374004
0.12244825	2.43712192	0.02608251
0.12291032	2.87014668	0.02826362
0.12337239	3.09867156	0.02932463
0.12383446	3.28293308	0.03013999
0.12429653	3.38117376	0.03054355
0.12475860	3.39825889	0.03057603
0.12522067	3.17804292	0.02952615
0.12568274	2.73450909	0.02734917
0.12614481	2.31180316	0.02511056
0.12660687	1.85722585	0.02247477
0.12706894	1.49785443	0.02015457
0.12753101	1.22102648	0.01817123
0.12799308	1.08059016	0.01707017
0.12845515	0.97593132	0.01619953
0.12891722	0.95561112	0.01600749
0.12937929	0.93765252	0.01583391
0.12984136	0.91077171	0.01558345
0.13030343	0.86153043	0.01513518
0.13076549	0.87243399	0.01520942
0.13122756	0.87414543	0.01520324
0.13168963	0.84427428	0.01492046
0.13215170	0.86184983	0.01505422
0.13261377	0.84425332	0.01487904
0.13307584	0.83452906	0.01477275
0.13353791	0.80971448	0.01453156
0.13399998	0.78975460	0.01433167
0.13446205	0.78646983	0.01428241
0.13492411	0.78609526	0.01425942
0.13538618	0.77032987	0.01409656
0.13584825	0.77814545	0.01414876
0.13631032	0.76804320	0.01403761
0.13677239	0.74804357	0.01383506
0.13723446	0.76314483	0.01395509
0.13769653	0.74034608	0.01372666
0.13815860	0.75300444	0.01382505
0.13862067	0.72561995	0.01355323
0.13908273	0.73127627	0.01358794
0.13954480	0.72297770	0.01349256
0.14000687	0.71488224	0.01339909
0.14046894	0.73237686	0.01354419
0.14093101	0.72275413	0.01343720
0.14139308	0.70682610	0.01327093
0.14185515	0.69637299	0.01315516
0.14231722	0.68424874	0.01302319
0.14277929	0.66750435	0.01284597
0.14324135	0.70981984	0.01322968
0.14370342	0.66915874	0.01282857
0.14416549	0.67236849	0.01284265
0.14462756	0.67824251	0.01288207
0.14508963	0.67473157	0.01283203
0.14555170	0.66298901	0.01270357
0.14601377	0.66761970	0.01273158
0.14647584	0.67279460	0.01276449
0.14693791	0.65737121	0.01260133
0.14739997	0.67820835	0.01278310
0.14786204	0.63841113	0.01238668
0.14832411	0.64406400	0.01242570
0.14878618	0.66771830	0.01263585
0.14924825	0.64592897	0.01241240
0.14971032	0.64665693	0.01240495
0.15017239	0.65445692	0.01246267
0.15063446	0.62995838	0.01221193
0.15109653	0.65475424	0.01243444
0.15155859	0.65610262	0.01243182
0.15202066	0.65931772	0.01244676
0.15248273	0.66512385	0.01248606
0.15294480	0.64974564	0.01232552
0.15340687	0.64788840	0.01229275
0.15386894	0.63718043	0.01217581
0.15433101	0.61818644	0.01197825
0.15479308	0.63630537	0.01213774
0.15525515	0.61267305	0.01189557
0.15571721	0.58481018	0.01160780
0.15617928	0.60204114	0.01176331
0.15664135	0.60664074	0.01179385
0.15710342	0.59967480	0.01171184
0.15756549	0.58522174	0.01155579
0.15802756	0.57909838	0.01148137
0.15848963	0.58645685	0.01154026
0.15895170	0.58740984	0.01153580
0.15941377	0.58596125	0.01150786
0.15987583	0.60801209	0.01170946
0.16033790	0.59589335	0.01162952
0.16079997	0.58236659	0.01185485
0.16126204	0.56821130	0.01192920
0.16172411	0.56772266	0.01202938
0.16218618	0.60906227	0.01252234
0.16264825	0.58845104	0.01236158
0.16311032	0.57693857	0.01228622
0.16357239	0.56821848	0.01223446
0.16403445	0.56179535	0.01220285
0.16449652	0.57168629	0.01234491
0.16495859	0.57432362	0.01240624
0.16542066	0.58853728	0.01258982
0.16588273	0.55798514	0.01234221
0.16634480	0.56519403	0.01294995
0.16680687	0.57881558	0.01347859
0.16726894	0.55939542	0.01354492
0.16773101	0.55211129	0.01371900
0.16819307	0.59649401	0.01451539
0.16865514	0.58454719	0.01461178
0.16911721	0.58253170	0.01482183
0.16957928	0.56120869	0.01477468
0.17004135	0.56639802	0.01502909
0.17050342	0.55613681	0.01501769
0.17096549	0.54335428	0.01496512
0.17142756	0.54861749	0.01515705
0.17188963	0.56352324	0.01548116
0.17235169	0.56680641	0.01564475
0.17281376	0.55578850	0.01560823
0.17327583	0.59806086	0.01631060
0.17373790	0.69129348	0.01766378
0.17419997	0.62867713	0.01696613
0.17466204	0.66032334	0.01751175
0.17512411	0.67803125	0.01787016
0.17558618	0.71991647	0.01854258
0.17604825	0.70288876	0.01844906
0.17651031	0.69976136	0.01853475
0.17697238	0.67257449	0.01829761
0.17743445	0.60894214	0.01752945
0.17789652	0.61686010	0.01776016
0.17835859	0.60125751	0.01765243
0.17882066	0.61281197	0.01794107
0.17928273	0.56399246	0.01732700
0.17974480	0.56214099	0.01741895
0.18020687	0.58012520	0.01780873
0.18066893	0.55951884	0.01760620
0.18113100	0.55235196	0.01760961
0.18159307	0.56998342	0.01800757
0.18205514	0.56048090	0.01797573
0.18251721	0.55065655	0.01793618
0.18297928	0.57095919	0.01838560
0.18344135	0.53356969	0.01789204
0.18390342	0.58639537	0.01888222
0.18436549	0.56403789	0.01864279
0.18482755	0.56827527	0.01883829
0.18528962	0.54924895	0.01864489
0.18575169	0.55329575	0.01883975
0.18621376	0.57572020	0.01934787
0.18667583	0.56888460	0.01936336
0.18713790	0.53922959	0.01898051
0.18759997	0.54467971	0.01920686
0.18806204	0.52700281	0.01902260
0.18852411	0.57193355	0.01995391
0.18898617	0.54385199	0.01959307
0.18944824	0.55779697	0.01998126
0.18991031	0.53183993	0.01964784
0.19037238	0.60685421	0.02113604
0.19083445	0.58755401	0.02094504
0.19129652	0.58085852	0.02097433
0.19175859	0.53504471	0.02027514
0.19222066	0.54500204	0.02061130
0.19268273	0.55921298	0.02103077
0.19314479	0.55855632	0.02117305
0.19360686	0.56484009	0.02144968
0.19406893	0.56573541	0.02162710
0.19453100	0.57866073	0.02203758
0.19499307	0.60382135	0.02268266
0.19545514	0.66953083	0.02406810
0.19591721	0.71047051	0.02498481
0.19637928	0.72218803	0.02538668
0.19684135	0.77680218	0.02653665
0.19730341	0.71142324	0.02559755
0.19776548	0.64109186	0.02449474
0.19822755	0.61930160	0.02427048
0.19868962	0.64508764	0.02497403
0.19915169	0.64583345	0.02519593
0.19961376	0.57967583	0.02407099
0.20007583	0.58564468	0.02440010
0.20053790	0.58821662	0.02466378
0.20099997	0.55745036	0.02421898
0.20146203	0.59316868	0.02520288
0.20192410	0.52741043	0.02397687
0.20238617	0.58730462	0.02553038
0.20284824	0.55213982	0.02498100
0.20331031	0.63524586	0.02704397
0.20377238	0.58291232	0.02615000
0.20423445	0.59678645	0.02671215
0.20469652	0.55182751	0.02593531
0.20515859	0.56644325	0.02653516
0.20562065	0.56521624	0.02677137
0.20608272	0.53192862	0.02623485
0.20654479	0.60935831	0.02836928
0.20700686	0.61271999	0.02874602
0.20746893	0.48837785	0.02593803
0.20793100	0.57912793	0.02855222
0.20839307	0.57408851	0.02874221
0.20885514	0.59272890	0.02953421
0.20931721	0.60821456	0.03026110
0.20977927	0.56757516	0.02957492
0.21024134	0.59228365	0.03057269
0.21070341	0.53048212	0.02928647
0.21116548	0.52215458	0.02941747
0.21162755	0.58786459	0.03161078
0.21208962	0.64359415	0.03350551
0.21255169	0.54778775	0.03132268
0.21301376	0.51054023	0.03065110
0.21347583	0.58289223	0.03320833
0.21393789	0.59544464	0.03404446
0.21439996	0.59219183	0.03445005
0.21486203	0.62359060	0.03588480
0.21532410	0.59632590	0.03563561
0.21578617	0.56595896	0.03527012
0.21624824	0.56943579	0.03595933
0.21671031	0.58147715	0.03695272
0.21717238	0.56104934	0.03693195
0.21763445	0.68114516	0.04142761
0.21809651	0.56369888	0.03839077
0.21855858	0.55580091	0.03885801
0.21902065	0.52552242	0.03854260
0.21948272	0.64028597	0.04342986
0.21994479	0.62823831	0.04395204
0.22040686	0.63844907	0.04530921
0.22086893	0.58380392	0.04434964
0.22133100	0.57722381	0.04518869
0.22179307	0.61855752	0.04799142
0.22225513	0.59871482	0.04850303
0.22271720	0.59141162	0.04959320
0.22317927	0.57910327	0.05056865
0.22364134	0.48274676	0.04766350
0.22410341	0.54673216	0.05247349
0.22456548	0.62327060	0.05809655
0.22502755	0.63947737	0.06118944
0.22548962	0.57195177	0.06036532
0.22595169	0.66222875	0.06801453
0.22641375	0.68320665	0.07266748
0.22687582	0.58320258	0.07101621
0.22733789	0.74632153	0.08556946
0.22779996	0.71823668	0.09021747
0.22826203	0.64260954	0.09281769
0.22872410	0.63052717	0.10169672
0.22918617	0.54064212	0.10683231
0.22964824	0.42211798	0.11174965
0.23011031	0.28442883	0.11848228
