0.00646896	20.62644213	2.02992992
0.00693103	22.27464853	0.24983821
0.00739310	29.45952539	0.22462087
0.00785517	31.62891057	0.22323679
0.00831724	31.80912359	0.21653892
0.00877931	31.04181798	0.20701416
0.00924138	30.32767859	0.19807071
0.00970345	29.36511110	0.18991437
0.01016552	27.88761366	0.18069476
0.01062758	25.64687355	0.16897429
0.01108965	22.61354849	0.15500062
0.01155172	19.91910659	0.14212842
0.01201379	17.89857313	0.13187875
0.01247586	15.97708094	0.12211808
0.01293793	14.08102764	0.11244891
0.01340000	12.05762766	0.10218602
0.01386207	10.50555689	0.09368734
0.01432414	8.80982449	0.08435061
0.01478620	7.58155356	0.07698903
0.01524827	6.44224113	0.06979609
0.01571034	5.65211256	0.06437697
0.01617241	4.89043323	0.05898438
0.01663448	4.52814754	0.05593993
0.01709655	4.01886556	0.05195041
0.01755862	3.57661173	0.04919963
0.01802069	3.33204378	0.04812328
0.01848276	3.01112753	0.04585514
0.01894482	2.72524682	0.04361239
0.01940689	2.55998268	0.04215062
0.01986896	2.30047114	0.03981958
0.02033103	2.16053694	0.03845050
0.02079310	1.96670823	0.03653337
0.02125517	1.90470190	0.03578260
0.02171724	1.74689775	0.03410644
0.02217931	1.67594513	0.03323313
0.02264138	1.50739739	0.03135421
0.02310344	1.52367418	0.03135506
0.02356551	1.43498436	0.03026001
0.02402758	1.34093987	0.02908715
0.02448965	1.28556996	0.02833003
0.02495172	1.27287202	0.02803614
0.02541379	1.22901845	0.02739733
0.02587586	1.14504107	0.02629593
0.02633793	1.10727705	0.02571908
0.02680000	1.05350068	0.02494390
0.02726206	1.07816636	0.02510059
0.02772413	1.01099605	0.02416965
0.02818620	1.01043234	0.02402980
0.02864827	0.97769088	0.02351341
0.02911034	0.93356946	0.02285168
0.02957241	0.87406146	0.02199007
0.03003448	0.87397941	0.02187598
0.03049655	0.87036581	0.02171619
0.03095862	0.89811014	0.02194158
0.03142068	0.84156559	0.02113208
0.03188275	0.84303443	0.02103773
0.03234482	0.81954968	0.02063683
0.03280689	0.82624486	0.02061305
0.03326896	0.79482392	0.02011644
0.03373103	0.83569807	0.02052410
0.03419310	0.84021020	0.02048061
0.03465517	0.80127517	0.01990081
0.03511724	0.77235075	0.01944212
0.03557930	0.78735649	0.01953611
0.03604137	0.83550895	0.02046816
0.03650344	0.79397982	0.02026365
0.03696551	0.75709699	0.01992345
0.03742758	0.76006345	0.02001294
0.03788965	0.75200401	0.01991750
0.03835172	0.79193580	0.02050185
0.03881379	0.76118042	0.02019907
0.03927586	0.73679045	0.01995965
0.03973792	0.74976953	0.02021308
0.04019999	0.71152748	0.01971366
0.04066206	0.73694453	0.02003657
0.04112413	0.76357059	0.02036651
0.04158620	0.79065484	0.02069306
0.04204827	0.75409046	0.02017598
0.04251034	0.75426939	0.02014413
0.04297241	0.72524865	0.01971716
0.04343448	0.77410355	0.02033292
0.04389654	0.77026099	0.02024399
0.04435861	0.74820078	0.01991311
0.04482068	0.73248179	0.01966383
0.04528275	0.77264023	0.02015463
0.04574482	0.79980142	0.02046392
0.04620689	0.80228671	0.02045247
0.04666896	0.78522548	0.02019109
0.04713103	0.80186656	0.02036054
0.04759310	0.83899973	0.02078169
0.04805516	0.84055730	0.02075608
0.04851723	0.80973426	0.02032700
0.04897930	0.82664201	0.02049300
0.04944137	0.88344082	0.02113866
0.04990344	0.88122977	0.02106527
0.05036551	0.91835807	0.02145678
0.05082758	0.91372253	0.02135427
0.05128965	0.92662721	0.02145641
0.05175172	0.96293777	0.02182375
0.05221378	0.97497254	0.02191028
0.05267585	1.00093425	0.02215027
0.05313792	1.01128607	0.02221419
0.05359999	1.03931069	0.02246938
0.05406206	1.08937762	0.02295184
0.05452413	1.13070289	0.02333036
0.05498620	1.16076483	0.02358531
0.05544827	1.19497687	0.02387629
0.05591034	1.24076926	0.02427491
0.05637240	1.23208598	0.02413486
0.05683447	1.28707745	0.02461213
0.05729654	1.40144231	0.02562477
0.05775861	1.45352912	0.02603800
0.05822068	1.50812941	0.02646336
0.05868275	1.53900304	0.02667254
0.05914482	1.63951691	0.02746839
0.05960689	1.70820352	0.02797549
0.06006896	1.82728558	0.02886979
0.06053102	1.92509728	0.02956686
0.06099309	2.02575502	0.03026267
0.06145516	2.14107582	0.03104374
0.06191723	2.30366242	0.03212926
0.06237930	2.39953894	0.03271893
0.06284137	2.71222426	0.03470939
0.06330344	2.87395812	0.03565098
0.06376551	3.03584958	0.03656174
0.06422758	3.24995511	0.03774600
0.06468964	3.56800867	0.03946410
0.06515171	4.01189952	0.04175661
0.06561378	4.19879527	0.04262586
0.06607585	4.47702760	0.04392114
0.06653792	4.92054029	0.04594562
0.06699999	5.35973202	0.04784981
0.06746206	5.77392072	0.04955848
0.06792413	6.22299771	0.05134017
0.06838620	6.65782041	0.05299131
0.06884826	7.12869438	0.05471703
0.06931033	7.64127396	0.05653127
0.06977240	8.02663679	0.05781646
0.07023447	8.42653011	0.05911515
0.07069654	8.91263931	0.06066977
0.07115861	9.17554767	0.06142979
0.07162068	9.46813531	0.06227265
0.07208275	9.66239444	0.06277706
0.07254482	9.74312085	0.06290894
0.07300688	9.66988758	0.06254357
0.07346895	9.37855310	0.06146798
0.07393102	9.23167062	0.06086073
0.07439309	8.94928328	0.05980044
0.07485516	8.57588861	0.05842156
0.07531723	8.08397096	0.05660568
0.07577930	7.68870683	0.05509325
0.07624137	7.17520351	0.05311520
0.07670344	6.66611394	0.05109360
0.07716550	6.14591103	0.04896215
0.07762757	5.69546301	0.04703927
0.07808964	5.36891667	0.04558044
0.07855171	4.94523865	0.04365888
0.07901378	4.51225947	0.04162166
0.07947585	4.18205046	0.03999153
0.07993792	3.85824087	0.03833640
0.08039999	3.63456412	0.03713614
0.08086206	3.37814213	0.03573281
0.08132412	3.13464456	0.03435425
0.08178619	2.98817863	0.03347760
0.08224826	2.72581479	0.03191255
0.08271033	2.61283423	0.03118466
0.08317240	2.38052127	0.02970874
0.08363447	2.27692808	0.02899984
0.08409654	2.20238686	0.02846727
0.08455861	2.06156705	0.02748998
0.08502067	1.95346642	0.02670937
0.08548274	1.88005550	0.02615310
0.08594481	1.73574539	0.02508232
0.08640688	1.72544291	0.02496125
0.08686895	1.65022805	0.02436570
0.08733102	1.56404972	0.02367719
0.08779309	1.52329689	0.02332319
0.08825516	1.44252576	0.02265470
0.08871723	1.39906808	0.02226999
0.08917929	1.31829495	0.02157803
0.08964136	1.29933987	0.02138344
0.09010343	1.25099979	0.02094370
0.09056550	1.17946608	0.02029948
0.09102757	1.12423953	0.01978248
0.09148964	1.11003570	0.01962177
0.09195171	1.09351946	0.01944044
0.09241378	1.05436351	0.01905505
0.09287585	1.06109086	0.01908187
0.09333791	0.96827453	0.01819558
0.09379998	0.94285315	0.01792339
0.09426205	0.92765651	0.01774709
0.09472412	0.89005520	0.01735310
0.09518619	0.86951357	0.01712176
0.09564826	0.87160255	0.01711214
0.09611033	0.84968069	0.01686619
0.09657240	0.82764467	0.01661722
0.09703447	0.81791828	0.01649070
0.09749653	0.79189371	0.01619836
0.09795860	0.76934479	0.01593857
0.09842067	0.75750010	0.01578846
0.09888274	0.72562929	0.01542615
0.09934481	0.73602537	0.01550982
0.09980688	0.70744480	0.01517998
0.10026895	0.71284432	0.01521199
0.10073102	0.67912315	0.01482291
0.10119309	0.65689125	0.01455357
0.10165515	0.65944336	0.01455740
0.10211722	0.66222955	0.01456382
0.10257929	0.63189674	0.01420266
0.10304136	0.61587001	0.01399822
0.10350343	0.61821587	0.01400146
0.10396550	0.59566111	0.01372103
0.10442757	0.58703525	0.01359897
0.10488964	0.58177039	0.01351564
0.10535171	0.58058457	0.01347988
0.10581377	0.58274083	0.01348284
0.10627584	0.54634200	0.01303388
0.10673791	0.57219666	0.01331695
0.10719998	0.54482462	0.01297355
0.10766205	0.55045910	0.01301954
0.10812412	0.54852492	0.01297576
0.10858619	0.54183046	0.01287581
0.10904826	0.51163401	0.01249177
0.10951033	0.48572905	0.01215208
0.10997239	0.52329681	0.01259333
0.11043446	0.51888519	0.01252029
0.11089653	0.51620363	0.01246831
0.11135860	0.51158444	0.01239275
0.11182067	0.49678023	0.01219301
0.11228274	0.49563479	0.01215997
0.11274481	0.47985413	0.01194619
0.11320688	0.48407658	0.01198008
0.11366895	0.47546782	0.01185466
0.11413101	0.47826481	0.01187123
0.11459308	0.44414560	0.01142221
0.11505515	0.45872769	0.01159039
0.11551722	0.45764370	0.01155904
0.11597929	0.44181266	0.01134000
0.11644136	0.41423922	0.01096382
0.11690343	0.44423367	0.01133647
0.11736550	0.42244266	0.01103823
0.11782757	0.42068360	0.01099866
0.11828963	0.41720713	0.01093664
0.11875170	0.41089571	0.01083740
0.11921377	0.42439906	0.01099745
0.11967584	0.41438485	0.01085075
0.12013791	0.40955583	0.01077134
0.12059998	0.40478565	0.01069255
0.12106205	0.41218839	0.01077401
0.12152412	0.38051020	0.01033635
0.12198619	0.38684182	0.01040670
0.12244825	0.37942724	0.01029141
0.12291032	0.38745297	0.01038449
0.12337239	0.38578162	0.01034702
0.12383446	0.36569072	0.01005933
0.12429653	0.37230605	0.01013528
0.12475860	0.37079160	0.01009992
0.12522067	0.37393873	0.01012808
0.12568274	0.36872105	0.01004277
0.12614481	0.36866135	0.01002755
0.12660687	0.35935059	0.00988603
0.12706894	0.35892302	0.00986596
0.12753101	0.36343423	0.00991367
0.12799308	0.36723314	0.00995127
0.12845515	0.34031046	0.00956600
0.12891722	0.36051899	0.00983211
0.12937929	0.34698454	0.00963213
0.12984136	0.34050628	0.00952843
0.13030343	0.34820643	0.00962212
0.13076549	0.34486593	0.00956250
0.13122756	0.33426718	0.00940137
0.13168963	0.34315500	0.00951230
0.13215170	0.34295466	0.00949644
0.13261377	0.32496802	0.00923121
0.13307584	0.33298898	0.00933159
0.13353791	0.32748791	0.00924153
0.13399998	0.33257410	0.00930026
0.13446205	0.32556784	0.00918927
0.13492411	0.33777290	0.00934710
0.13538618	0.32421238	0.00914512
0.13584825	0.31631504	0.00902086
0.13631032	0.32177172	0.00908603
0.13677239	0.30470214	0.00882989
0.13723446	0.31318750	0.00893987
0.13769653	0.31286837	0.00892336
0.13815860	0.31007837	0.00887164
0.13862067	0.31644726	0.00895033
0.13908273	0.31942883	0.00898049
0.13954480	0.31707803	0.00893542
0.14000687	0.31143925	0.00884392
0.14046894	0.31167267	0.00883558
0.14093101	0.30172413	0.00868198
0.14139308	0.30266655	0.00868415
0.14185515	0.30454267	0.00869960
0.14231722	0.30359263	0.00867473
0.14277929	0.30076366	0.00862288
0.14324135	0.28575621	0.00839408
0.14370342	0.30064911	0.00859892
0.14416549	0.31685598	0.00881621
0.14462756	0.31068837	0.00871878
0.14508963	0.30161703	0.00857942
0.14555170	0.28833586	0.00837765
0.14601377	0.27465339	0.00816602
0.14647584	0.27951876	0.00822750
0.14693791	0.29977012	0.00850953
0.14739997	0.28584035	0.00829882
0.14786204	0.29362624	0.00840044
0.14832411	0.28186057	0.00822003
0.14878618	0.28689815	0.00828270
0.14924825	0.27845522	0.00814969
0.14971032	0.27400228	0.00807486
0.15017239	0.29911342	0.00842536
0.15063446	0.29076038	0.00829652
0.15109653	0.26785928	0.00795317
0.15155859	0.28606382	0.00820881
0.15202066	0.26563338	0.00790042
0.15248273	0.26417145	0.00786895
0.15294480	0.29395236	0.00829034
0.15340687	0.28040639	0.00808710
0.15386894	0.26949298	0.00791845
0.15433101	0.27155120	0.00793888
0.15479308	0.27122923	0.00792452
0.15525515	0.27386557	0.00795316
0.15571721	0.26716757	0.00784575
0.15617928	0.25575495	0.00766705
0.15664135	0.27781208	0.00798115
0.15710342	0.27212153	0.00788948
0.15756549	0.25474954	0.00762423
0.15802756	0.26382749	0.00774957
0.15848963	0.27981600	0.00797138
0.15895170	0.26072461	0.00768543
0.15941377	0.26331317	0.00771430
0.15987583	0.27187478	0.00783006
0.16033790	0.25426619	0.00759664
0.16079997	0.24216653	0.00764460
0.16126204	0.25968564	0.00806455
0.16172411	0.23505665	0.00774037
0.16218618	0.23584471	0.00779234
0.16264825	0.24339826	0.00795019
0.16311032	0.24666802	0.00803359
0.16357239	0.24512287	0.00803561
0.16403445	0.24724420	0.00809534
0.16449652	0.27429717	0.00855105
0.16495859	0.23643968	0.00796016
0.16542066	0.24811266	0.00817442
0.16588273	0.25670556	0.00837142
0.16634480	0.26355311	0.00884308
0.16680687	0.25346676	0.00891938
0.16726894	0.23566286	0.00879149
0.16773101	0.24963127	0.00922484
0.16819307	0.27031605	0.00977151
0.16865514	0.26715150	0.00987807
0.16911721	0.23855350	0.00948495
0.16957928	0.25028236	0.00986668
0.17004135	0.23933447	0.00976955
0.17050342	0.22904472	0.00963768
0.17096549	0.22626867	0.00965720
0.17142756	0.25634013	0.01036068
0.17188963	0.24400944	0.01018711
0.17235169	0.22275991	0.00980776
0.17281376	0.25012760	0.01047080
0.17327583	0.23593328	0.01024453
0.17373790	0.27805038	0.01120248
0.17419997	0.23276793	0.01032358
0.17466204	0.24081261	0.01057526
0.17512411	0.21863597	0.01014762
0.17558618	0.24017090	0.01071000
0.17604825	0.22461494	0.01042918
0.17651031	0.21914789	0.01037243
0.17697238	0.23260602	0.01076055
0.17743445	0.23848666	0.01097014
0.17789652	0.24761186	0.01125225
0.17835859	0.24961834	0.01137398
0.17882066	0.24184259	0.01127071
0.17928273	0.24709653	0.01146886
0.17974480	0.22283704	0.01096713
0.18020687	0.21320085	0.01079609
0.18066893	0.22710167	0.01121678
0.18113100	0.26170191	0.01212119
0.18159307	0.23407836	0.01153997
0.18205514	0.24166628	0.01180359
0.18251721	0.22833928	0.01154994
0.18297928	0.20727663	0.01107772
0.18344135	0.23264856	0.01181448
0.18390342	0.22892379	0.01179786
0.18436549	0.23581374	0.01205428
0.18482755	0.20432174	0.01129587
0.18528962	0.22613953	0.01196364
0.18575169	0.21549517	0.01175751
0.18621376	0.23077023	0.01224947
0.18667583	0.21659565	0.01194795
0.18713790	0.23394351	0.01250191
0.18759997	0.21801504	0.01215147
0.18806204	0.22402639	0.01240261
0.18852411	0.22103914	0.01240480
0.18898617	0.20025282	0.01188917
0.18944824	0.23393922	0.01294006
0.18991031	0.23994347	0.01319711
0.19037238	0.20532540	0.01229427
0.19083445	0.20882685	0.01248678
0.19129652	0.22203949	0.01296785
0.19175859	0.24439296	0.01370292
0.19222066	0.20429522	0.01261931
0.19268273	0.20954151	0.01287364
0.19314479	0.20853940	0.01293731
0.19360686	0.21830429	0.01333488
0.19406893	0.22625400	0.01367697
0.19453100	0.22722065	0.01380943
0.19499307	0.23215962	0.01406479
0.19545514	0.21744058	0.01371598
0.19591721	0.20968928	0.01357348
0.19637928	0.20492455	0.01352315
0.19684135	0.21566573	0.01398239
0.19730341	0.22072556	0.01425807
0.19776548	0.21372268	0.01414289
0.19822755	0.21907071	0.01443509
0.19868962	0.21182543	0.01431094
0.19915169	0.19297449	0.01377273
0.19961376	0.20617916	0.01435568
0.20007583	0.22203080	0.01502384
0.20053790	0.20849284	0.01468374
0.20099997	0.20280389	0.01460800
0.20146203	0.20500846	0.01481655
0.20192410	0.19863393	0.01471448
0.20238617	0.19024289	0.01453047
0.20284824	0.19818162	0.01496639
0.20331031	0.20503881	0.01536447
0.20377238	0.20767584	0.01560857
0.20423445	0.23284372	0.01668521
0.20469652	0.21181576	0.01606826
0.20515859	0.23099615	0.01694517
0.20562065	0.21279153	0.01642633
0.20608272	0.19179839	0.01575340
0.20654479	0.19535707	0.01606300
0.20700686	0.20506525	0.01663002
0.20746893	0.20646091	0.01686468
0.20793100	0.21480775	0.01738912
0.20839307	0.21129556	0.01743717
0.20885514	0.25905876	0.01952524
0.20931721	0.22064942	0.01822668
0.20977927	0.20703123	0.01786199
0.21024134	0.20502211	0.01798743
0.21070341	0.21691408	0.01872732
0.21116548	0.17911849	0.01722963
0.21162755	0.20828392	0.01881588
0.21208962	0.24019391	0.02046874
0.21255169	0.20109332	0.01897805
0.21301376	0.25419194	0.02162778
0.21347583	0.21263842	0.02005736
0.21393789	0.14295928	0.01668138
0.21439996	0.19062839	0.01954575
0.21486203	0.30412353	0.02506027
0.21532410	0.18243188	0.01971027
0.21578617	0.17986469	0.01988325
0.21624824	0.22193106	0.02244907
0.21671031	0.18828476	0.02102750
0.21717238	0.18363945	0.02112928
0.21763445	0.17092624	0.02075269
0.21809651	0.21507791	0.02371380
0.21855858	0.20030880	0.02332765
0.21902065	0.18461352	0.02284426
0.21948272	0.24106575	0.02664828
0.21994479	0.19758349	0.02464860
0.22040686	0.17618136	0.02380144
0.22086893	0.21454284	0.02688522
0.22133100	0.22936723	0.02848547
0.22179307	0.21811756	0.02849829
0.22225513	0.18280898	0.02680141
0.22271720	0.24905075	0.03218260
0.22317927	0.17652668	0.02791956
0.22364134	0.18839486	0.02977562
0.22410341	0.19555472	0.03138244
0.22456548	0.11074328	0.02448898
0.22502755	0.19555336	0.03383736
0.22548962	0.25497422	0.04030472
0.22595169	0.18274706	0.03572917
0.22641375	0.21693136	0.04094729
0.22687582	0.09902271	0.02926275
0.22733789	0.16759059	0.04054904
0.22779996	0.21105263	0.04890489
0.22826203	0.32383584	0.06589002
0.22872410	0.29728295	0.06982968
0.22918617	0.15892231	0.05792154
0.22964824	0.04784326	0.03762181
0.23011031	0.15715770	0.08807130
