0.00646896	101.37611767	4.50025074
0.00693103	99.85825746	0.52898752
0.00739310	78.57868217	0.36685092
0.00785517	59.58852819	0.30641144
0.00831724	46.75511007	0.26252741
0.00877931	37.23667935	0.22673155
0.00924138	29.54931233	0.19551243
0.00970345	24.77579976	0.17444392
0.01016552	20.16359900	0.15364693
0.01062758	17.09188160	0.13794258
0.01108965	14.70251041	0.12498124
0.01155172	12.69657457	0.11347215
0.01201379	10.90108203	0.10292015
0.01247586	9.46949389	0.09401445
0.01293793	8.32878243	0.08648262
0.01340000	7.45956700	0.08037433
0.01386207	6.85002925	0.07565150
0.01432414	6.00351294	0.06963176
0.01478620	5.27723538	0.06423223
0.01524827	4.77562155	0.06009351
0.01571034	4.36513732	0.05657494
0.01617241	4.07762596	0.05386009
0.01663448	3.77700643	0.05108995
0.01709655	3.50022105	0.04848250
0.01755862	3.24154561	0.04683840
0.01802069	3.01780340	0.04579787
0.01848276	2.76684009	0.04395573
0.01894482	2.63640253	0.04289561
0.01940689	2.42217204	0.04100038
0.01986896	2.35874734	0.04032079
0.02033103	2.22036885	0.03897927
0.02079310	2.09463506	0.03770283
0.02125517	1.98746701	0.03655177
0.02171724	1.86350906	0.03522641
0.02217931	1.83919996	0.03481415
0.02264138	1.80474283	0.03430754
0.02310344	1.71466896	0.03326226
0.02356551	1.62629549	0.03221404
0.02402758	1.62494283	0.03201957
0.02448965	1.54057965	0.03101282
0.02495172	1.53259066	0.03076373
0.02541379	1.46735563	0.02993621
0.02587586	1.48052869	0.02990105
0.02633793	1.47198181	0.02965368
0.02680000	1.37372113	0.02848369
0.02726206	1.32774837	0.02785472
0.02772413	1.33656115	0.02779009
0.02818620	1.37282283	0.02800940
0.02864827	1.43867778	0.02852309
0.02911034	1.39880227	0.02797196
0.02957241	1.30403704	0.02685967
0.03003448	1.31126977	0.02679557
0.03049655	1.31931006	0.02673660
0.03095862	1.34167614	0.02681803
0.03142068	1.32247519	0.02649062
0.03188275	1.31056433	0.02623043
0.03234482	1.34361307	0.02642363
0.03280689	1.29965820	0.02585250
0.03326896	1.29642118	0.02569146
0.03373103	1.33167785	0.02590831
0.03419310	1.40380978	0.02647300
0.03465517	1.36218641	0.02594766
0.03511724	1.33484957	0.02555951
0.03557930	1.40279201	0.02607649
0.03604137	1.39891479	0.02648493
0.03650344	1.49103759	0.02776880
0.03696551	1.43374029	0.02741726
0.03742758	1.44321150	0.02757724
0.03788965	1.44944123	0.02765190
0.03835172	1.45943218	0.02783172
0.03881379	1.49435270	0.02830181
0.03927586	1.52723052	0.02873646
0.03973792	1.59157436	0.02944978
0.04019999	1.66012495	0.03011215
0.04066206	1.65287165	0.03000721
0.04112413	1.68914416	0.03029183
0.04158620	1.74375350	0.03073079
0.04204827	1.78005272	0.03099840
0.04251034	1.88331270	0.03183072
0.04297241	1.85826685	0.03156130
0.04343448	1.95871614	0.03234343
0.04389654	1.96214673	0.03231045
0.04435861	2.04937306	0.03295645
0.04482068	2.06971107	0.03305405
0.04528275	2.19353081	0.03395925
0.04574482	2.26532741	0.03444001
0.04620689	2.41000280	0.03544783
0.04666896	2.49360207	0.03598124
0.04713103	2.73824878	0.03762485
0.04759310	3.04005277	0.03955856
0.04805516	3.54138658	0.04260380
0.04851723	4.18807188	0.04622843
0.04897930	4.97298242	0.05026378
0.04944137	5.88550491	0.05456079
0.04990344	7.38468051	0.06098011
0.05036551	9.58563879	0.06932166
0.05082758	12.45831975	0.07885101
0.05128965	15.04157476	0.08644725
0.05175172	17.21159776	0.09226583
0.05221378	21.64585691	0.10323787
0.05267585	32.54921125	0.12631255
0.05313792	54.20828420	0.16263963
0.05359999	87.97049274	0.20672212
0.05406206	127.27591900	0.24808556
0.05452413	171.04942163	0.28695119
0.05498620	236.00962954	0.33630571
0.05544827	342.66738085	0.40431832
0.05591034	476.52414452	0.47572337
0.05637240	541.80041647	0.50610880
0.05683447	441.65307635	0.45591877
0.05729654	263.33813827	0.35126044
0.05775861	127.08164908	0.24346532
0.05822068	60.67091279	0.16784793
0.05868275	32.50314008	0.12257654
0.05914482	18.98822734	0.09347972
0.05960689	12.32444981	0.07514355
0.06006896	8.72991776	0.06310235
0.06053102	6.62601929	0.05485361
0.06099309	5.39169523	0.04937151
0.06145516	4.66389069	0.04581759
0.06191723	4.13014483	0.04302034
0.06237930	3.76475138	0.04098296
0.06284137	3.54877361	0.03970300
0.06330344	3.29044351	0.03814683
0.06376551	3.05536450	0.03667907
0.06422758	2.86028853	0.03541092
0.06468964	2.74988409	0.03464547
0.06515171	2.56992865	0.03342033
0.06561378	2.48923408	0.03282039
0.06607585	2.40463308	0.03218868
0.06653792	2.23726456	0.03098107
0.06699999	2.21825965	0.03078328
0.06746206	2.08640599	0.02979079
0.06792413	2.01338996	0.02920260
0.06838620	1.95788255	0.02873637
0.06884826	1.78550587	0.02738408
0.06931033	1.82637639	0.02763764
0.06977240	1.81062051	0.02745987
0.07023447	1.80107713	0.02733006
0.07069654	1.65636656	0.02615456
0.07115861	1.60236886	0.02567109
0.07162068	1.56515783	0.02531886
0.07208275	1.55886263	0.02521521
0.07254482	1.54000964	0.02501065
0.07300688	1.46792071	0.02436819
0.07346895	1.43986070	0.02408470
0.07393102	1.42176322	0.02388420
0.07439309	1.39558003	0.02361498
0.07485516	1.36474827	0.02330558
0.07531723	1.34822982	0.02311690
0.07577930	1.28662953	0.02253712
0.07624137	1.30388099	0.02264231
0.07670344	1.26721495	0.02227693
0.07716550	1.24810596	0.02206445
0.07762757	1.17117567	0.02133080
0.07808964	1.18867172	0.02144698
0.07855171	1.13184190	0.02088680
0.07901378	1.11256805	0.02066739
0.07947585	1.12605896	0.02075171
0.07993792	1.10956793	0.02055860
0.08039999	1.11553669	0.02057371
0.08086206	1.08797993	0.02027863
0.08132412	1.08268410	0.02019004
0.08178619	0.98920329	0.01926166
0.08224826	1.01948307	0.01951657
0.08271033	1.00145766	0.01930640
0.08317240	0.98877321	0.01914681
0.08363447	1.00305736	0.01924792
0.08409654	0.94882174	0.01868492
0.08455861	0.95331994	0.01869369
0.08502067	0.90154835	0.01814493
0.08548274	0.93483837	0.01844192
0.08594481	0.90830791	0.01814434
0.08640688	0.88592385	0.01788604
0.08686895	0.88125117	0.01780561
0.08733102	0.88353015	0.01779572
0.08779309	0.85990600	0.01752351
0.08825516	0.85708496	0.01746258
0.08871723	0.84747189	0.01733258
0.08917929	0.83597562	0.01718313
0.08964136	0.87201294	0.01751772
0.09010343	0.81853411	0.01694116
0.09056550	0.84166020	0.01714788
0.09102757	0.84147539	0.01711481
0.09148964	0.80674403	0.01672775
0.09195171	0.83321481	0.01696959
0.09241378	0.80211442	0.01662008
0.09287585	0.78676969	0.01643116
0.09333791	0.77978268	0.01632877
0.09379998	0.78209148	0.01632401
0.09426205	0.77906836	0.01626377
0.09472412	0.78723628	0.01632004
0.09518619	0.76116299	0.01601950
0.09564826	0.79218607	0.01631393
0.09611033	0.80341326	0.01640056
0.09657240	0.85278339	0.01686770
0.09703447	0.82399700	0.01655187
0.09749653	0.75892748	0.01585761
0.09795860	0.76122871	0.01585428
0.09842067	0.72624724	0.01545933
0.09888274	0.72926118	0.01546471
0.09934481	0.72635914	0.01540763
0.09980688	0.71113989	0.01521958
0.10026895	0.74653353	0.01556730
0.10073102	0.71740701	0.01523499
0.10119309	0.71129345	0.01514423
0.10165515	0.72641575	0.01527875
0.10211722	0.69709917	0.01494233
0.10257929	0.69903032	0.01493807
0.10304136	0.70055540	0.01492964
0.10350343	0.68464457	0.01473451
0.10396550	0.67739578	0.01463216
0.10442757	0.69592561	0.01480660
0.10488964	0.68584743	0.01467488
0.10535171	0.69914339	0.01479232
0.10581377	0.72934137	0.01508374
0.10627584	0.67171357	0.01445219
0.10673791	0.71179987	0.01485289
0.10719998	0.70584357	0.01476674
0.10766205	0.74380832	0.01513435
0.10812412	0.74099289	0.01508140
0.10858619	0.84783967	0.01610645
0.10904826	0.94624297	0.01698813
0.10951033	1.04080577	0.01778847
0.10997239	1.18735272	0.01896952
0.11043446	1.43961793	0.02085463
0.11089653	1.64510857	0.02225842
0.11135860	1.79955380	0.02324295
0.11182067	1.95466698	0.02418607
0.11228274	1.85316092	0.02351301
0.11274481	1.52502940	0.02129677
0.11320688	1.23249957	0.01911595
0.11366895	0.98248853	0.01704088
0.11413101	0.85571931	0.01587914
0.11459308	0.76973278	0.01503687
0.11505515	0.71814915	0.01450200
0.11551722	0.67306475	0.01401801
0.11597929	0.65031886	0.01375806
0.11644136	0.63270403	0.01354992
0.11690343	0.59443091	0.01311363
0.11736550	0.58878735	0.01303151
0.11782757	0.57427576	0.01285057
0.11828963	0.57008016	0.01278427
0.11875170	0.60805168	0.01318347
0.11921377	0.57234473	0.01277126
0.11967584	0.58056835	0.01284353
0.12013791	0.57286305	0.01273910
0.12059998	0.55295851	0.01249727
0.12106205	0.55275506	0.01247658
0.12152412	0.55509366	0.01248438
0.12198619	0.52013194	0.01206711
0.12244825	0.52475959	0.01210294
0.12291032	0.54190845	0.01228114
0.12337239	0.54868084	0.01233970
0.12383446	0.54464583	0.01227635
0.12429653	0.56102214	0.01244159
0.12475860	0.57420524	0.01256859
0.12522067	0.55618597	0.01235199
0.12568274	0.52238499	0.01195363
0.12614481	0.54212628	0.01215993
0.12660687	0.55211554	0.01225400
0.12706894	0.53975152	0.01209862
0.12753101	0.53729926	0.01205396
0.12799308	0.53072757	0.01196309
0.12845515	0.53385802	0.01198135
0.12891722	0.51387575	0.01173848
0.12937929	0.52357810	0.01183199
0.12984136	0.51381188	0.01170471
0.13030343	0.53574766	0.01193528
0.13076549	0.53388975	0.01189795
0.13122756	0.53254177	0.01186646
0.13168963	0.54788837	0.01201950
0.13215170	0.53188617	0.01182638
0.13261377	0.56993238	0.01222503
0.13307584	0.57781424	0.01229235
0.13353791	0.56601187	0.01214952
0.13399998	0.54329546	0.01188690
0.13446205	0.53374687	0.01176598
0.13492411	0.55044870	0.01193226
0.13538618	0.54842074	0.01189410
0.13584825	0.51611300	0.01152286
0.13631032	0.52608329	0.01161790
0.13677239	0.54947062	0.01185741
0.13723446	0.53476643	0.01168184
0.13769653	0.52648697	0.01157554
0.13815860	0.54859992	0.01180038
0.13862067	0.53792892	0.01166946
0.13908273	0.53401842	0.01161157
0.13954480	0.53910816	0.01165118
0.14000687	0.55681397	0.01182532
0.14046894	0.56767026	0.01192432
0.14093101	0.56894049	0.01192194
0.14139308	0.56167152	0.01183004
0.14185515	0.56865512	0.01188775
0.14231722	0.57317614	0.01191940
0.14277929	0.60991467	0.01227932
0.14324135	0.62013276	0.01236567
0.14370342	0.62644145	0.01241235
0.14416549	0.67618834	0.01287908
0.14462756	0.68345563	0.01293149
0.14508963	0.77121302	0.01371883
0.14555170	0.90134037	0.01481211
0.14601377	1.08951818	0.01626429
0.14647584	1.40518695	0.01844716
0.14693791	1.76014396	0.02061984
0.14739997	2.05154724	0.02223287
0.14786204	2.02430403	0.02205680
0.14832411	1.72237863	0.02031986
0.14878618	1.35005587	0.01796734
0.14924825	1.12241947	0.01636217
0.14971032	0.94155526	0.01496859
0.15017239	0.83475140	0.01407502
0.15063446	0.74351780	0.01326705
0.15109653	0.66863651	0.01256557
0.15155859	0.64101561	0.01228805
0.15202066	0.61863116	0.01205660
0.15248273	0.57625978	0.01162206
0.15294480	0.55927318	0.01143525
0.15340687	0.52269168	0.01104134
0.15386894	0.52723981	0.01107569
0.15433101	0.50742092	0.01085220
0.15479308	0.51293008	0.01089768
0.15525515	0.50931723	0.01084589
0.15571721	0.51924927	0.01093781
0.15617928	0.49292186	0.01064402
0.15664135	0.48668656	0.01056366
0.15710342	0.51293141	0.01083171
0.15756549	0.48218038	0.01048924
0.15802756	0.48775455	0.01053703
0.15848963	0.48839678	0.01053134
0.15895170	0.50305185	0.01067538
0.15941377	0.49946991	0.01062466
0.15987583	0.47829010	0.01038547
0.16033790	0.50027241	0.01065567
0.16079997	0.49579861	0.01093832
0.16126204	0.49236377	0.01110451
0.16172411	0.48462130	0.01111415
0.16218618	0.49774886	0.01132035
0.16264825	0.48491665	0.01122154
0.16311032	0.46286699	0.01100479
0.16357239	0.47489389	0.01118472
0.16403445	0.47181507	0.01118299
0.16449652	0.47603336	0.01126491
0.16495859	0.48744181	0.01142939
0.16542066	0.48196451	0.01139305
0.16588273	0.47824612	0.01142634
0.16634480	0.47331779	0.01185075
0.16680687	0.49944899	0.01252045
0.16726894	0.50916948	0.01292255
0.16773101	0.50221433	0.01308440
0.16819307	0.52271711	0.01358811
0.16865514	0.52356247	0.01382858
0.16911721	0.48939913	0.01358544
0.16957928	0.47671975	0.01361718
0.17004135	0.49154063	0.01400075
0.17050342	0.48573507	0.01403499
0.17096549	0.45433738	0.01368447
0.17142756	0.44431912	0.01364041
0.17188963	0.44212108	0.01371255
0.17235169	0.47812601	0.01436886
0.17281376	0.48010583	0.01450666
0.17327583	0.48871465	0.01474433
0.17373790	0.51244524	0.01520814
0.17419997	0.46448244	0.01458322
0.17466204	0.43484030	0.01421072
0.17512411	0.46388820	0.01478122
0.17558618	0.44429694	0.01456685
0.17604825	0.44003361	0.01459734
0.17651031	0.45367254	0.01492393
0.17697238	0.46053645	0.01514105
0.17743445	0.44954042	0.01506137
0.17789652	0.45861737	0.01531365
0.17835859	0.44675087	0.01521622
0.17882066	0.44146890	0.01522772
0.17928273	0.43691915	0.01525062
0.17974480	0.46024713	0.01576140
0.18020687	0.47244709	0.01607121
0.18066893	0.43626358	0.01554650
0.18113100	0.45849601	0.01604388
0.18159307	0.42662590	0.01557929
0.18205514	0.42537707	0.01566005
0.18251721	0.47625618	0.01668053
0.18297928	0.45223920	0.01636286
0.18344135	0.42921071	0.01604721
0.18390342	0.47177906	0.01693663
0.18436549	0.45822477	0.01680336
0.18482755	0.41630052	0.01612374
0.18528962	0.43737788	0.01663809
0.18575169	0.45994900	0.01717716
0.18621376	0.43715618	0.01685954
0.18667583	0.43052503	0.01684487
0.18713790	0.43795913	0.01710558
0.18759997	0.45534701	0.01756131
0.18806204	0.44360694	0.01745270
0.18852411	0.45365607	0.01777128
0.18898617	0.46706742	0.01815733
0.18944824	0.46263045	0.01819709
0.18991031	0.47221364	0.01851371
0.19037238	0.47331917	0.01866631
0.19083445	0.45044309	0.01833907
0.19129652	0.46250764	0.01871597
0.19175859	0.45458867	0.01868866
0.19222066	0.42456290	0.01819187
0.19268273	0.46142235	0.01910362
0.19314479	0.45114831	0.01902872
0.19360686	0.45607090	0.01927411
0.19406893	0.47119608	0.01973752
0.19453100	0.45637933	0.01957108
0.19499307	0.48334585	0.02029405
0.19545514	0.43843597	0.01947644
0.19591721	0.42571218	0.01934021
0.19637928	0.46873351	0.02045238
0.19684135	0.45968943	0.02041376
0.19730341	0.44420778	0.02022681
0.19776548	0.48955364	0.02140488
0.19822755	0.43172764	0.02026432
0.19868962	0.46760603	0.02126274
0.19915169	0.48633472	0.02186441
0.19961376	0.49677038	0.02228328
0.20007583	0.48515237	0.02220821
0.20053790	0.51665451	0.02311485
0.20099997	0.47973734	0.02246749
0.20146203	0.50395604	0.02323044
0.20192410	0.48198511	0.02292107
0.20238617	0.54224002	0.02453135
0.20284824	0.47122950	0.02307818
0.20331031	0.51988474	0.02446544
0.20377238	0.44218096	0.02277562
0.20423445	0.47194546	0.02375447
0.20469652	0.45520395	0.02355552
0.20515859	0.45924099	0.02389262
0.20562065	0.46486320	0.02427873
0.20608272	0.47583710	0.02481310
0.20654479	0.48210907	0.02523391
0.20700686	0.45926653	0.02488737
0.20746893	0.41071641	0.02378647
0.20793100	0.42042301	0.02432741
0.20839307	0.44087417	0.02518767
0.20885514	0.42515343	0.02501325
0.20931721	0.45390584	0.02614202
0.20977927	0.44281448	0.02612299
0.21024134	0.46158816	0.02698958
0.21070341	0.48938796	0.02812926
0.21116548	0.47883619	0.02817081
0.21162755	0.44088150	0.02737522
0.21208962	0.44652575	0.02790830
0.21255169	0.46087409	0.02873054
0.21301376	0.45788112	0.02902736
0.21347583	0.44399389	0.02898287
0.21393789	0.49297306	0.03097686
0.21439996	0.41721420	0.02891600
0.21486203	0.45834977	0.03076517
0.21532410	0.45995173	0.03129669
0.21578617	0.44571507	0.03129991
0.21624824	0.48044155	0.03303007
0.21671031	0.48671609	0.03380788
0.21717238	0.51075492	0.03523773
0.21763445	0.39656466	0.03161019
0.21809651	0.43292735	0.03364424
0.21855858	0.45607300	0.03519963
0.21902065	0.44342077	0.03540409
0.21948272	0.48407568	0.03776226
0.21994479	0.57197526	0.04193778
0.22040686	0.52645844	0.04114389
0.22086893	0.42702715	0.03793013
0.22133100	0.51698449	0.04276578
0.22179307	0.53988949	0.04483591
0.22225513	0.44560215	0.04184393
0.22271720	0.41246248	0.04141612
0.22317927	0.46123115	0.04512972
0.22364134	0.41627238	0.04426037
0.22410341	0.44433058	0.04730486
0.22456548	0.48717709	0.05136360
0.22502755	0.45803210	0.05178594
0.22548962	0.45773761	0.05400278
0.22595169	0.49487955	0.05879596
0.22641375	0.47942925	0.06087323
0.22687582	0.37228817	0.05673974
0.22733789	0.39209790	0.06202304
0.22779996	0.50231916	0.07544783
0.22826203	0.31620226	0.06510880
0.22872410	0.46321043	0.08716541
0.22918617	0.42553187	0.09477935
0.22964824	0.54395037	0.12685538
0.23011031	0.29034314	0.11970778
