0.00372449	43.90541150	7.62277266
0.00419005	31.52852197	1.04527700
0.00465561	26.14529775	0.68003133
0.00512117	22.36223155	0.50075651
0.00558674	19.96493991	0.41415041
0.00605230	21.89318072	0.35685546
0.00651786	21.78804344	0.30260421
0.00698342	18.99913893	0.25385095
0.00744898	17.88341412	0.22544337
0.00791454	16.26758182	0.19905593
0.00838010	15.01763833	0.17729669
0.00884567	14.45630004	0.16157271
0.00931123	13.71036236	0.14614310
0.00977679	14.26353665	0.13594640
0.01024235	13.17607277	0.12305777
0.01070791	11.56893229	0.11250693
0.01117347	10.30221148	0.10396090
0.01163903	9.29088455	0.09641664
0.01210459	8.47240599	0.09014918
0.01257016	7.85464856	0.08506182
0.01303572	7.20358442	0.07986206
0.01350128	6.84146672	0.07643655
0.01396684	6.49759822	0.07321353
0.01443240	6.07706172	0.06957015
0.01489796	5.92571078	0.06753462
0.01536352	5.66910961	0.06502011
0.01582909	5.40899042	0.06255683
0.01629465	5.38016801	0.06143910
0.01676021	5.33504081	0.06027212
0.01722577	5.16709312	0.05847933
0.01769133	5.04916724	0.05701549
0.01815689	4.95116052	0.05678813
0.01862245	4.91811129	0.05731956
0.01908801	4.87231485	0.05717376
0.01955358	4.83194199	0.05689968
0.02001914	4.90929429	0.05722433
0.02048470	4.92982497	0.05717787
0.02095026	5.06061760	0.05768721
0.02141582	5.20434975	0.05827223
0.02188138	5.32338038	0.05866211
0.02234694	5.66129815	0.06022138
0.02281251	6.57642323	0.06459128
0.02327807	10.20539279	0.08004009
0.02374363	18.04009642	0.10586285
0.02420919	30.13193833	0.13613322
0.02467475	46.36489446	0.16794066
0.02514031	67.09749181	0.20096610
0.02560587	92.38890049	0.23455553
0.02607143	127.95291583	0.27449118
0.02653700	181.41967290	0.32506522
0.02700256	254.75134072	0.38322753
0.02746812	339.84128492	0.44030040
0.02793368	428.32913625	0.49156953
0.02839924	527.88546182	0.54290903
0.02886480	629.01419814	0.58929694
0.02933036	688.14287638	0.61321486
0.02979592	677.93973751	0.60545267
0.03026149	636.56678025	0.58351189
0.03072705	560.94884987	0.54488596
0.03119261	485.81937111	0.50458300
0.03165817	409.28513773	0.46073254
0.03212373	341.35630557	0.41870891
0.03258929	278.45271041	0.37660977
0.03305485	239.29510924	0.35800026
0.03352042	194.92994691	0.32702090
0.03398598	149.54948605	0.28807466
0.03445154	111.39957915	0.24930129
0.03491710	87.70174375	0.22140748
0.03538266	73.36897709	0.20252591
0.03584822	60.66044549	0.18488795
0.03631378	45.74963566	0.16121460
0.03677934	30.74600128	0.13266663
0.03724491	17.45979199	0.10032084
0.03771047	8.75820971	0.07111007
0.03817603	5.28178505	0.05513595
0.03864159	4.59037487	0.05130068
0.03910715	4.29325652	0.04952191
0.03957271	4.00443033	0.04773687
0.04003827	3.82364061	0.04655235
0.04050384	3.73334927	0.04590877
0.04096940	3.66761819	0.04539834
0.04143496	3.46820130	0.04405229
0.04190052	3.39519728	0.04349262
0.04236608	3.30176330	0.04279296
0.04283164	3.29341393	0.04264623
0.04329720	3.17756840	0.04178613
0.04376276	3.08845127	0.04110115
0.04422833	3.01170531	0.04049498
0.04469389	3.04080779	0.04059315
0.04515945	2.97190637	0.04003983
0.04562501	2.92400669	0.03961458
0.04609057	2.85633287	0.03906010
0.04655613	2.82704958	0.03876872
0.04702169	2.79795567	0.03847442
0.04748726	2.75047027	0.03805865
0.04795282	2.73997258	0.03788779
0.04841838	2.76458566	0.03796538
0.04888394	2.74398036	0.03773465
0.04934950	2.71850940	0.03746184
0.04981506	2.67384121	0.03706392
0.05028062	2.64351109	0.03676497
0.05074618	2.62717361	0.03656198
0.05121175	2.63791622	0.03655060
0.05167731	2.67063445	0.03668157
0.05214287	2.62780747	0.03629917
0.05260843	2.73378936	0.03693591
0.05307399	2.73389611	0.03684692
0.05353955	2.77485707	0.03703542
0.05400511	2.83814782	0.03735940
0.05447068	2.91339918	0.03776127
0.05493624	3.09078641	0.03880240
0.05540180	3.41801538	0.04070634
0.05586736	3.89544646	0.04335634
0.05633292	5.02401139	0.04911310
0.05679848	7.07002356	0.05812398
0.05726404	10.64944475	0.07117053
0.05772960	16.01495771	0.08706842
0.05819517	23.99599790	0.10633617
0.05866073	34.08584426	0.12641881
0.05912629	45.92932426	0.14640420
0.05959185	58.72345025	0.16516669
0.06005741	67.81430441	0.17707224
0.06052297	70.86434125	0.18060681
0.06098853	67.81715750	0.17624615
0.06145410	61.15512899	0.16697933
0.06191966	53.13542385	0.15529737
0.06238522	45.11443268	0.14276321
0.06285078	36.88609834	0.12880653
0.06331634	29.51146398	0.11493412
0.06378190	23.40408308	0.10211967
0.06424746	18.00290174	0.08936735
0.06471302	13.48702351	0.07716558
0.06517859	10.57378772	0.06817328
0.06564415	8.62152953	0.06142308
0.06610971	7.34088308	0.05655067
0.06657527	6.20711075	0.05188849
0.06704083	5.17298729	0.04725775
0.06750639	4.18887570	0.04243248
0.06797195	3.19196550	0.03696054
0.06843752	2.41463088	0.03207549
0.06890308	2.01838277	0.02926382
0.06936864	1.90406757	0.02835729
0.06983420	1.79178801	0.02744911
0.07029976	1.78114035	0.02730943
0.07076532	1.73669127	0.02690779
0.07123088	1.60074135	0.02577967
0.07169644	1.57506176	0.02551396
0.07216201	1.57743213	0.02547887
0.07262757	1.57588123	0.02541347
0.07309313	1.50330181	0.02476812
0.07355869	1.52396560	0.02488719
0.07402425	1.52132870	0.02481019
0.07448981	1.47189264	0.02435266
0.07495537	1.41335950	0.02381501
0.07542094	1.43128982	0.02391499
0.07588650	1.39142669	0.02353277
0.07635206	1.37869374	0.02337354
0.07681762	1.37554618	0.02329872
0.07728318	1.35205111	0.02305288
0.07774874	1.28716394	0.02244418
0.07821430	1.31263087	0.02261952
0.07867986	1.25475318	0.02207106
0.07914543	1.27170704	0.02217457
0.07961099	1.23998784	0.02185356
0.08007655	1.23346793	0.02174967
0.08054211	1.22926754	0.02166958
0.08100767	1.21428152	0.02149496
0.08147323	1.15829000	0.02095157
0.08193879	1.14217078	0.02076552
0.08240436	1.13031951	0.02061435
0.08286992	1.15984190	0.02084107
0.08333548	1.12764261	0.02051037
0.08380104	1.10984997	0.02030785
0.08426660	1.14070563	0.02054967
0.08473216	1.12056358	0.02032564
0.08519772	1.08649170	0.01997576
0.08566328	1.10056020	0.02006694
0.08612885	1.08859769	0.01991888
0.08659441	1.11166364	0.02009189
0.08705997	1.10144636	0.01995902
0.08752553	1.07607391	0.01969043
0.08799109	1.13995807	0.02022922
0.08845665	1.20367566	0.02074716
0.08892221	1.26359854	0.02121912
0.08938777	1.38421302	0.02216477
0.08985334	1.53997249	0.02333494
0.09031890	1.65763549	0.02416637
0.09078446	1.74183257	0.02472396
0.09125002	1.71284613	0.02447267
0.09171558	1.72627506	0.02452401
0.09218114	1.61984498	0.02371229
0.09264670	1.52251224	0.02294824
0.09311227	1.43850659	0.02226319
0.09357783	1.32058116	0.02129279
0.09404339	1.19621129	0.02022944
0.09450895	1.16056358	0.01988959
0.09497451	1.03842665	0.01878135
0.09544007	1.02958865	0.01866583
0.09590563	1.01272375	0.01847951
0.09637119	0.97964479	0.01814364
0.09683676	0.95738492	0.01790424
0.09730232	0.93579882	0.01767119
0.09776788	0.90592204	0.01735444
0.09823344	0.88137997	0.01708782
0.09869900	0.88440739	0.01708799
0.09916456	0.87992819	0.01701460
0.09963012	0.82556495	0.01645319
0.10009569	0.84846603	0.01664928
0.10056125	0.84433750	0.01658008
0.10102681	0.86436990	0.01674759
0.10149237	0.82545431	0.01633657
0.10195793	0.81527518	0.01620816
0.10242349	0.82703543	0.01629728
0.10288905	0.79145734	0.01591576
0.10335461	0.82464770	0.01621943
0.10382018	0.79483530	0.01589514
0.10428574	0.80206648	0.01594072
0.10475130	0.82381661	0.01612885
0.10521686	0.80628905	0.01592955
0.10568242	0.80163904	0.01585802
0.10614798	0.80118471	0.01582569
0.10661354	0.80416062	0.01582901
0.10707911	0.78353135	0.01559946
0.10754467	0.79587233	0.01569576
0.10801023	0.79537400	0.01566610
0.10847579	0.79820837	0.01566686
0.10894135	0.79352580	0.01559551
0.10940691	0.80390258	0.01567230
0.10987247	0.79212836	0.01553164
0.11033803	0.80586501	0.01564148
0.11080360	0.82239382	0.01577419
0.11126916	0.80173902	0.01554990
0.11173472	0.79850258	0.01549437
0.11220028	0.76222506	0.01511279
0.11266584	0.82103166	0.01566037
0.11313140	0.78780795	0.01531632
0.11359696	0.78981307	0.01531154
0.11406253	0.77913856	0.01518452
0.11452809	0.78755790	0.01524100
0.11499365	0.76935911	0.01504056
0.11545921	0.78527776	0.01517209
0.11592477	0.81633955	0.01544507
0.11639033	0.79827814	0.01525038
0.11685589	0.78660657	0.01511373
0.11732145	0.81037012	0.01531686
0.11778702	0.81660390	0.01535254
0.11825258	0.85715979	0.01570486
0.11871814	0.91411218	0.01619435
0.11918370	0.98188995	0.01675695
0.11964926	1.10853882	0.01777796
0.12011482	1.30367980	0.01925085
0.12058038	1.54753596	0.02094215
0.12104595	1.80539832	0.02258705
0.12151151	1.93089819	0.02332183
0.12197707	2.02198288	0.02382989
0.12244263	1.96667192	0.02346760
0.12290819	1.87050700	0.02285064
0.12337375	1.74210840	0.02202016
0.12383931	1.58876632	0.02099809
0.12430487	1.42757043	0.01987495
0.12477044	1.28334840	0.01881742
0.12523600	1.18014824	0.01801697
0.12570156	1.07396967	0.01716250
0.12616712	1.02128583	0.01671230
0.12663268	0.96828729	0.01624910
0.12709824	0.91921724	0.01580984
0.12756380	0.90594510	0.01567128
0.12802937	0.87493309	0.01537867
0.12849493	0.81872650	0.01485558
0.12896049	0.83809092	0.01500849
0.12942605	0.82802827	0.01489759
0.12989161	0.78230498	0.01445858
0.13035717	0.74981090	0.01413507
0.13082273	0.75580557	0.01417184
0.13128829	0.76908384	0.01427533
0.13175386	0.73774442	0.01396253
0.13221942	0.75012876	0.01405829
0.13268498	0.74816348	0.01402019
0.13315054	0.72658305	0.01379772
0.13361610	0.75465802	0.01404102
0.13408166	0.73512255	0.01383906
0.13454722	0.75255338	0.01398306
0.13501279	0.70933761	0.01355679
0.13547835	0.73918460	0.01382057
0.13594391	0.72036043	0.01362360
0.13640947	0.70038936	0.01341516
0.13687503	0.73104377	0.01368720
0.13734059	0.71994375	0.01356423
0.13780615	0.70709146	0.01342495
0.13827171	0.72892574	0.01361107
0.13873728	0.72712932	0.01357598
0.13920284	0.71161661	0.01341266
0.13966840	0.71114417	0.01338996
0.14013396	0.71206596	0.01338132
0.14059952	0.71995192	0.01343614
0.14106508	0.73372382	0.01354596
0.14153064	0.71510530	0.01335563
0.14199621	0.68281162	0.01303299
0.14246177	0.70759628	0.01325056
0.14292733	0.69635963	0.01312653
0.14339289	0.69994486	0.01314290
0.14385845	0.69609055	0.01308993
0.14432401	0.68921288	0.01300701
0.14478957	0.71617307	0.01324181
0.14525513	0.71735012	0.01323568
0.14572070	0.71998120	0.01324258
0.14618626	0.71119939	0.01314503
0.14665182	0.71743452	0.01318443
0.14711738	0.71066256	0.01310522
0.14758294	0.72258694	0.01319803
0.14804850	0.72389224	0.01319282
0.14851406	0.78266479	0.01370097
0.14897962	0.75881134	0.01347231
0.14944519	0.80756020	0.01388066
0.14991075	0.87603227	0.01443919
0.15037631	0.94061979	0.01494277
0.15084187	1.01190355	0.01547980
0.15130743	1.16272498	0.01657117
0.15177299	1.29194828	0.01744574
0.15223855	1.38524653	0.01804261
0.15270412	1.41355729	0.01820186
0.15316968	1.35873473	0.01782335
0.15363524	1.32729606	0.01759430
0.15410080	1.24779337	0.01703791
0.15456636	1.12645611	0.01616886
0.15503192	1.05086140	0.01559643
0.15549748	0.98239585	0.01506132
0.15596304	0.91960444	0.01455442
0.15642861	0.88476567	0.01425837
0.15689417	0.82613866	0.01376156
0.15735973	0.80005744	0.01352505
0.15782529	0.76236288	0.01318654
0.15829085	0.74529682	0.01302260
0.15875641	0.73595680	0.01292483
0.15922197	0.71582601	0.01273198
0.15968754	0.71183569	0.01268020
0.16015310	0.69538254	0.01251768
0.16061866	0.67858451	0.01235108
0.16108422	0.66175387	0.01218145
0.16154978	0.64380154	0.01200087
0.16201534	0.64407208	0.01198925
0.16248090	0.64568024	0.01198985
0.16294646	0.66828583	0.01218386
0.16341203	0.64702031	0.01202002
0.16387759	0.65853502	0.01250533
0.16434315	0.64175998	0.01258308
0.16480871	0.64549906	0.01274184
0.16527427	0.65508997	0.01293729
0.16573983	0.63801905	0.01330459
0.16620539	0.62702793	0.01358396
0.16667096	0.63223297	0.01395626
0.16713652	0.62988519	0.01421316
0.16760208	0.62023371	0.01436626
0.16806764	0.62542892	0.01467823
0.16853320	0.62419421	0.01490548
0.16899876	0.60416294	0.01483377
0.16946432	0.60532797	0.01498420
0.16992988	0.61062105	0.01518255
0.17039545	0.67639466	0.01611606
0.17086101	0.70419156	0.01658060
0.17132657	0.61765381	0.01565431
0.17179213	0.62713227	0.01589896
0.17225769	0.63894268	0.01617257
0.17272325	0.61583558	0.01599847
0.17318881	0.58337583	0.01568788
0.17365438	0.61681483	0.01625038
0.17411994	0.59605272	0.01609094
0.17458550	0.61323610	0.01643870
0.17505106	0.61444808	0.01657206
0.17551662	0.59855114	0.01647154
0.17598218	0.81395646	0.01934222
0.17644774	0.60210377	0.01675094
0.17691330	0.60566367	0.01691590
0.17737887	0.59056217	0.01681779
0.17784443	0.60723746	0.01717356
0.17830999	0.59177546	0.01706391
0.17877555	0.58262616	0.01704538
0.17924111	0.61443299	0.01762175
0.17970667	0.58203875	0.01726547
0.18017223	0.60311968	0.01769687
0.18063780	0.58460037	0.01753453
0.18110336	0.57240492	0.01746562
0.18156892	0.56937253	0.01753468
0.18203448	0.61678199	0.01837090
0.18250004	0.59993743	0.01823816
0.18296560	0.61503064	0.01858831
0.18343116	0.60728116	0.01859307
0.18389672	0.62140298	0.01893257
0.18436229	0.62392510	0.01909673
0.18482785	0.58968061	0.01868854
0.18529341	0.59305076	0.01886654
0.18575897	0.61192440	0.01929216
0.18622453	0.61102195	0.01940676
0.18669009	0.59255053	0.01923926
0.18715565	0.60062672	0.01950014
0.18762122	0.53584722	0.01854282
0.18808678	0.54643516	0.01885191
0.18855234	0.58307506	0.01960608
0.18901790	0.53218766	0.01885889
0.18948346	0.55470043	0.01938570
0.18994902	0.56457983	0.01969237
0.19041458	0.54177517	0.01942421
0.19088014	0.56768431	0.02002174
0.19134571	0.55810400	0.01999115
0.19181127	0.55973503	0.02016143
0.19227683	0.57003554	0.02049037
0.19274239	0.56949289	0.02062678
0.19320795	0.59298118	0.02119909
0.19367351	0.56741688	0.02088715
0.19413907	0.55520655	0.02081178
0.19460464	0.57010927	0.02124411
0.19507020	0.55680513	0.02115015
0.19553576	0.53283130	0.02084418
0.19600132	0.56015944	0.02153281
0.19646688	0.53987800	0.02129980
0.19693244	0.53238193	0.02131332
0.19739800	0.49393263	0.02068783
0.19786356	0.56097979	0.02221917
0.19832913	0.58145729	0.02279915
0.19879469	0.51661922	0.02166128
0.19926025	0.54204332	0.02236609
0.19972581	0.51521505	0.02198253
0.20019137	0.52766986	0.02242914
0.20065693	0.48680341	0.02172177
0.20112249	0.56394822	0.02357575
0.20158805	0.53748385	0.02321122
0.20205362	0.59912812	0.02471657
0.20251918	0.57760654	0.02447950
0.20298474	0.55952376	0.02430530
0.20345030	0.53973127	0.02408431
0.20391586	0.52951528	0.02407071
0.20438142	0.52566807	0.02420261
0.20484698	0.54285703	0.02482334
0.20531255	0.56971442	0.02566928
0.20577811	0.55675897	0.02561800
0.20624367	0.56639678	0.02608912
0.20670923	0.58439452	0.02676105
0.20717479	0.51147889	0.02528606
0.20764035	0.57411358	0.02706152
0.20810591	0.51348941	0.02585690
0.20857147	0.51767119	0.02623433
0.20903704	0.54602887	0.02723082
0.20950260	0.51964952	0.02685341
0.20996816	0.51493575	0.02702691
0.21043372	0.53468692	0.02785057
0.21089928	0.57556806	0.02922734
0.21136484	0.57122345	0.02945761
0.21183040	0.57880941	0.03000662
0.21229597	0.50244135	0.02829781
0.21276153	0.54252221	0.02977083
0.21322709	0.56102260	0.03065923
0.21369265	0.51912078	0.02987561
0.21415821	0.59110965	0.03230408
0.21462377	0.62661243	0.03371315
0.21508933	0.54379411	0.03184469
0.21555489	0.59148937	0.03368716
0.21602046	0.53247288	0.03243178
0.21648602	0.49964892	0.03189003
0.21695158	0.56726364	0.03450601
0.21741714	0.59820447	0.03599959
0.21788270	0.56313580	0.03550198
0.21834826	0.58635528	0.03683966
0.21881382	0.57038100	0.03696900
0.21927939	0.53239093	0.03636113
0.21974495	0.62821176	0.04023525
0.22021051	0.61996095	0.04074292
0.22067607	0.60389616	0.04101796
0.22114163	0.58598005	0.04124668
0.22160719	0.54065797	0.04047836
0.22207275	0.61266280	0.04406334
0.22253831	0.58839413	0.04420107
0.22300388	0.54811584	0.04371540
0.22346944	0.58996466	0.04652924
0.22393500	0.61097102	0.04864153
0.22440056	0.59990302	0.04958548
0.22486612	0.43235497	0.04337697
0.22533168	0.46171777	0.04627527
0.22579724	0.51930685	0.05076891
0.22626281	0.55665594	0.05450513
0.22672837	0.50078035	0.05375494
0.22719393	0.63843618	0.06331348
0.22765949	0.50211781	0.05879347
0.22812505	0.55945414	0.06527904
0.22859061	0.62275088	0.07285029
0.22905617	0.70908328	0.08279988
0.22952173	0.52444492	0.07652988
0.22998730	0.68267953	0.09497051
0.23045286	0.49623984	0.08956183
0.23091842	0.54831720	0.10680331
0.23138398	0.40765897	0.10901792
0.23184954	0.27147629	0.11490838
