0.00646896	5.62501211	1.06006041
0.00693103	5.75660402	0.12700962
0.00739310	5.19089856	0.09428845
0.00785517	4.86719505	0.08757155
0.00831724	4.73469743	0.08354226
0.00877931	4.66594536	0.08025947
0.00924138	4.61188563	0.07723959
0.00970345	4.70281354	0.07600128
0.01016552	4.87513920	0.07554981
0.01062758	4.98726118	0.07451341
0.01108965	4.81676197	0.07153633
0.01155172	4.32728362	0.06624509
0.01201379	3.82433795	0.06095983
0.01247586	3.39721122	0.05631091
0.01293793	3.11575803	0.05289565
0.01340000	2.85172435	0.04969518
0.01386207	2.79094468	0.04828886
0.01432414	2.52386621	0.04514792
0.01478620	2.30442566	0.04244544
0.01524827	2.18990641	0.04069353
0.01571034	2.05865293	0.03885230
0.01617241	1.95106730	0.03725628
0.01663448	1.86769353	0.03592646
0.01709655	1.75989399	0.03437799
0.01755862	1.76736246	0.03458508
0.01802069	1.66308147	0.03399825
0.01848276	1.62338953	0.03366936
0.01894482	1.59128651	0.03332585
0.01940689	1.56386877	0.03294470
0.01986896	1.54110488	0.03259150
0.02033103	1.43698039	0.03135787
0.02079310	1.45097748	0.03137979
0.02125517	1.43417900	0.03104989
0.02171724	1.37965834	0.03031017
0.02217931	1.34534716	0.02977546
0.02264138	1.35794807	0.02975936
0.02310344	1.36196273	0.02964451
0.02356551	1.40848698	0.02997933
0.02402758	1.33540275	0.02902703
0.02448965	1.38905835	0.02944825
0.02495172	1.37044765	0.02909090
0.02541379	1.41021813	0.02934758
0.02587586	1.43020018	0.02938843
0.02633793	1.37058384	0.02861410
0.02680000	1.43312459	0.02909303
0.02726206	1.44450795	0.02905367
0.02772413	1.51982061	0.02963410
0.02818620	1.57394575	0.02999104
0.02864827	1.57739513	0.02986655
0.02911034	1.64984605	0.03037851
0.02957241	1.60650784	0.02981241
0.03003448	1.73218230	0.03079738
0.03049655	1.73996121	0.03070453
0.03095862	1.84880762	0.03148103
0.03142068	1.89633740	0.03172168
0.03188275	2.06216004	0.03290314
0.03234482	2.12933719	0.03326424
0.03280689	2.25136466	0.03402599
0.03326896	2.34497188	0.03455290
0.03373103	2.50654392	0.03554489
0.03419310	2.70167617	0.03672532
0.03465517	2.80940419	0.03726380
0.03511724	3.06625297	0.03873828
0.03557930	3.28121901	0.03988137
0.03604137	3.59775461	0.04247359
0.03650344	3.96759112	0.04529771
0.03696551	4.32336712	0.04761018
0.03742758	4.79095357	0.05024546
0.03788965	5.38337998	0.05329079
0.03835172	5.89286427	0.05592568
0.03881379	6.84793971	0.06058535
0.03927586	7.71941827	0.06460606
0.03973792	8.82234825	0.06933631
0.04019999	10.09417962	0.07425178
0.04066206	11.52305001	0.07923003
0.04112413	13.15472280	0.08453430
0.04158620	15.14440131	0.09056434
0.04204827	17.78304433	0.09797741
0.04251034	21.07214418	0.10647302
0.04297241	24.94332904	0.11563202
0.04343448	29.39483128	0.12529559
0.04389654	35.14421185	0.13674269
0.04435861	41.74289715	0.14873777
0.04482068	48.86625428	0.16061064
0.04528275	56.90768648	0.17297035
0.04574482	65.65333920	0.18540702
0.04620689	74.50879666	0.19709912
0.04666896	81.74836063	0.20601653
0.04713103	88.75996673	0.21421353
0.04759310	93.28123281	0.21912758
0.04805516	96.69649134	0.22262147
0.04851723	98.16287421	0.22380804
0.04897930	98.36946840	0.22355114
0.04944137	97.33386479	0.22188132
0.04990344	95.92906578	0.21978471
0.05036551	93.32130031	0.21629616
0.05082758	89.87770006	0.21178905
0.05128965	85.56529008	0.20618324
0.05175172	80.45513340	0.19948359
0.05221378	74.33493784	0.19131461
0.05267585	67.81712597	0.18232489
0.05313792	60.89456222	0.17237839
0.05359999	53.66787608	0.16146397
0.05406206	47.07641767	0.15087944
0.05452413	41.00098147	0.14048965
0.05498620	35.53759502	0.13050087
0.05544827	30.60685894	0.12083602
0.05591034	26.45585072	0.11209156
0.05637240	23.12701661	0.10456444
0.05683447	20.16060171	0.09740889
0.05729654	17.65533242	0.09095159
0.05775861	15.58229792	0.08525335
0.05822068	13.66332110	0.07965332
0.05868275	12.31287978	0.07544397
0.05914482	10.84087223	0.07063294
0.05960689	9.77341699	0.06691618
0.06006896	8.64285515	0.06278690
0.06053102	7.97365448	0.06017381
0.06099309	7.19921645	0.05705009
0.06145516	6.49979802	0.05408888
0.06191723	5.97426468	0.05174084
0.06237930	5.43775860	0.04925442
0.06284137	4.99958137	0.04712496
0.06330344	4.65927141	0.04539314
0.06376551	4.25362975	0.04327794
0.06422758	4.00890783	0.04192232
0.06468964	3.76320655	0.04052923
0.06515171	3.54308938	0.03924111
0.06561378	3.31396802	0.03786910
0.06607585	3.20314108	0.03715068
0.06653792	2.94577988	0.03554986
0.06699999	2.80637481	0.03462434
0.06746206	2.70106184	0.03389611
0.06792413	2.56562608	0.03296508
0.06838620	2.52103679	0.03260830
0.06884826	2.41408121	0.03184150
0.06931033	2.23743517	0.03059011
0.06977240	2.29239401	0.03089793
0.07023447	2.24163009	0.03048993
0.07069654	2.17634896	0.02998012
0.07115861	2.02405291	0.02885187
0.07162068	2.04935358	0.02897167
0.07208275	1.98385365	0.02844549
0.07254482	1.94220396	0.02808735
0.07300688	1.84159030	0.02729408
0.07346895	1.81721915	0.02705731
0.07393102	1.76171227	0.02658670
0.07439309	1.77504944	0.02663272
0.07485516	1.69183190	0.02594850
0.07531723	1.68370912	0.02583338
0.07577930	1.66852166	0.02566479
0.07624137	1.63952918	0.02538992
0.07670344	1.55688948	0.02469216
0.07716550	1.57676603	0.02479996
0.07762757	1.52474005	0.02433851
0.07808964	1.50477894	0.02413079
0.07855171	1.48142161	0.02389562
0.07901378	1.43806993	0.02349700
0.07947585	1.46394239	0.02366113
0.07993792	1.42072380	0.02326331
0.08039999	1.41518345	0.02317272
0.08086206	1.42628690	0.02321836
0.08132412	1.43662676	0.02325725
0.08178619	1.35740501	0.02256346
0.08224826	1.35736675	0.02251967
0.08271033	1.32432602	0.02220151
0.08317240	1.33961984	0.02228635
0.08363447	1.30818502	0.02198141
0.08409654	1.27729808	0.02167929
0.08455861	1.23666555	0.02129129
0.08502067	1.25474882	0.02140618
0.08548274	1.24258274	0.02126182
0.08594481	1.19194536	0.02078514
0.08640688	1.18388608	0.02067621
0.08686895	1.16145552	0.02044129
0.08733102	1.18204582	0.02058364
0.08779309	1.17911495	0.02051983
0.08825516	1.10030148	0.01978574
0.08871723	1.09667731	0.01971697
0.08917929	1.14478012	0.02010789
0.08964136	1.06721348	0.01937947
0.09010343	1.09263498	0.01957322
0.09056550	1.08358034	0.01945686
0.09102757	1.07881552	0.01937872
0.09148964	1.05439099	0.01912364
0.09195171	1.05609750	0.01910491
0.09241378	1.02638271	0.01880051
0.09287585	1.03785141	0.01887175
0.09333791	1.02743437	0.01874320
0.09379998	0.96773116	0.01815831
0.09426205	0.98125935	0.01825263
0.09472412	0.96364885	0.01805627
0.09518619	0.96213655	0.01801062
0.09564826	0.97321830	0.01808215
0.09611033	0.95794197	0.01790848
0.09657240	0.95248786	0.01782650
0.09703447	0.94378381	0.01771416
0.09749653	0.93675381	0.01761775
0.09795860	0.89729060	0.01721296
0.09842067	0.88267229	0.01704308
0.09888274	0.86928894	0.01688427
0.09934481	0.86877749	0.01685057
0.09980688	0.86708185	0.01680564
0.10026895	0.82864279	0.01640107
0.10073102	0.85253584	0.01660793
0.10119309	0.80905808	0.01615150
0.10165515	0.81991691	0.01623230
0.10211722	0.79923878	0.01599960
0.10257929	0.80492612	0.01602967
0.10304136	0.80571255	0.01601099
0.10350343	0.79201603	0.01584784
0.10396550	0.76541354	0.01555375
0.10442757	0.74798385	0.01535041
0.10488964	0.74462542	0.01529079
0.10535171	0.76076764	0.01543048
0.10581377	0.75477818	0.01534452
0.10627584	0.72932181	0.01505917
0.10673791	0.68484048	0.01456890
0.10719998	0.71634119	0.01487615
0.10766205	0.67762361	0.01444533
0.10812412	0.67183073	0.01436034
0.10858619	0.68563910	0.01448407
0.10904826	0.68668551	0.01447182
0.10951033	0.67045872	0.01427709
0.10997239	0.64660455	0.01399864
0.11043446	0.63533926	0.01385421
0.11089653	0.67791659	0.01428845
0.11135860	0.63583230	0.01381593
0.11182067	0.64281572	0.01386986
0.11228274	0.62740456	0.01368124
0.11274481	0.67426403	0.01416086
0.11320688	0.64689553	0.01384904
0.11366895	0.64008057	0.01375453
0.11413101	0.64456020	0.01378139
0.11459308	0.65823763	0.01390525
0.11505515	0.65437958	0.01384317
0.11551722	0.65498139	0.01382842
0.11597929	0.68818303	0.01415292
0.11644136	0.67326261	0.01397747
0.11690343	0.67593746	0.01398381
0.11736550	0.67051792	0.01390659
0.11782757	0.70164555	0.01420434
0.11828963	0.67615458	0.01392294
0.11875170	0.67582991	0.01389883
0.11921377	0.67264671	0.01384517
0.11967584	0.68089091	0.01390902
0.12013791	0.68492209	0.01392945
0.12059998	0.67764462	0.01383471
0.12106205	0.66562625	0.01369129
0.12152412	0.67473723	0.01376421
0.12198619	0.69379097	0.01393672
0.12244825	0.68959954	0.01387424
0.12291032	0.67954174	0.01375257
0.12337239	0.68843513	0.01382217
0.12383446	0.67712444	0.01368820
0.12429653	0.67295976	0.01362637
0.12475860	0.66843195	0.01356068
0.12522067	0.64945357	0.01334753
0.12568274	0.68014365	0.01363970
0.12614481	0.65264638	0.01334197
0.12660687	0.64899715	0.01328570
0.12706894	0.65069899	0.01328400
0.12753101	0.66236380	0.01338351
0.12799308	0.61862465	0.01291579
0.12845515	0.61604471	0.01287060
0.12891722	0.61956506	0.01288921
0.12937929	0.61653095	0.01283939
0.12984136	0.58947563	0.01253694
0.13030343	0.60073852	0.01263849
0.13076549	0.56707782	0.01226218
0.13122756	0.58205943	0.01240589
0.13168963	0.57505399	0.01231387
0.13215170	0.57287794	0.01227365
0.13261377	0.53323143	0.01182487
0.13307584	0.52407298	0.01170675
0.13353791	0.53413865	0.01180248
0.13399998	0.53831790	0.01183232
0.13446205	0.53034620	0.01172844
0.13492411	0.54183391	0.01183852
0.13538618	0.51644169	0.01154211
0.13584825	0.48473346	0.01116707
0.13631032	0.51305099	0.01147309
0.13677239	0.50310148	0.01134607
0.13723446	0.49017563	0.01118420
0.13769653	0.47622831	0.01100918
0.13815860	0.47442266	0.01097364
0.13862067	0.47543094	0.01097064
0.13908273	0.47907599	0.01099803
0.13954480	0.45338051	0.01068472
0.14000687	0.44511763	0.01057293
0.14046894	0.46076816	0.01074303
0.14093101	0.41488033	0.01018064
0.14139308	0.42403677	0.01027891
0.14185515	0.43997540	0.01045657
0.14231722	0.41544666	0.01014771
0.14277929	0.40820235	0.01004564
0.14324135	0.41456412	0.01011047
0.14370342	0.41572184	0.01011149
0.14416549	0.40804067	0.01000467
0.14462756	0.39999978	0.00989289
0.14508963	0.40009529	0.00988124
0.14555170	0.39503544	0.00980597
0.14601377	0.39242285	0.00976101
0.14647584	0.39343824	0.00976114
0.14693791	0.37339852	0.00949724
0.14739997	0.39151768	0.00971249
0.14786204	0.35474071	0.00923337
0.14832411	0.38721783	0.00963461
0.14878618	0.39163015	0.00967712
0.14924825	0.38084580	0.00953099
0.14971032	0.37344687	0.00942698
0.15017239	0.34778477	0.00908502
0.15063446	0.37321036	0.00939951
0.15109653	0.34990461	0.00908996
0.15155859	0.35434748	0.00913615
0.15202066	0.34806321	0.00904353
0.15248273	0.34439956	0.00898474
0.15294480	0.34576223	0.00899130
0.15340687	0.34710948	0.00899771
0.15386894	0.34951696	0.00901781
0.15433101	0.33895741	0.00886964
0.15479308	0.34313208	0.00891324
0.15525515	0.33066839	0.00873911
0.15571721	0.33840725	0.00883004
0.15617928	0.31617680	0.00852475
0.15664135	0.31947711	0.00855874
0.15710342	0.33058317	0.00869576
0.15756549	0.30473223	0.00833870
0.15802756	0.32881788	0.00865158
0.15848963	0.33741832	0.00875350
0.15895170	0.32935245	0.00863789
0.15941377	0.31216045	0.00839942
0.15987583	0.33696352	0.00871710
0.16033790	0.32255298	0.00855614
0.16079997	0.31348083	0.00869768
0.16126204	0.31830697	0.00892852
0.16172411	0.30311965	0.00878987
0.16218618	0.30347145	0.00883921
0.16264825	0.30248904	0.00886286
0.16311032	0.30535463	0.00893832
0.16357239	0.30470582	0.00895916
0.16403445	0.31714442	0.00916855
0.16449652	0.30082283	0.00895498
0.16495859	0.31214760	0.00914622
0.16542066	0.30823781	0.00911120
0.16588273	0.32171524	0.00937168
0.16634480	0.30346733	0.00948911
0.16680687	0.30255006	0.00974480
0.16726894	0.28765891	0.00971306
0.16773101	0.28893523	0.00992452
0.16819307	0.34619895	0.01105831
0.16865514	0.34247121	0.01118421
0.16911721	0.28017120	0.01027907
0.16957928	0.28855963	0.01059433
0.17004135	0.30092382	0.01095469
0.17050342	0.28272218	0.01070760
0.17096549	0.29584443	0.01104258
0.17142756	0.28528821	0.01093004
0.17188963	0.28338281	0.01097828
0.17235169	0.30894492	0.01155026
0.17281376	0.29262307	0.01132539
0.17327583	0.28205191	0.01120113
0.17373790	0.37631324	0.01303248
0.17419997	0.28992913	0.01152165
0.17466204	0.27847621	0.01137222
0.17512411	0.29332079	0.01175371
0.17558618	0.28545331	0.01167607
0.17604825	0.28362939	0.01171943
0.17651031	0.25802450	0.01125492
0.17697238	0.27738480	0.01175074
0.17743445	0.22857295	0.01073971
0.17789652	0.29300663	0.01224031
0.17835859	0.32454120	0.01296908
0.17882066	0.30369841	0.01263008
0.17928273	0.26425418	0.01186036
0.17974480	0.27433820	0.01216865
0.18020687	0.28287703	0.01243572
0.18066893	0.29357660	0.01275319
0.18113100	0.31530588	0.01330478
0.18159307	0.29714630	0.01300197
0.18205514	0.29757084	0.01309789
0.18251721	0.29430940	0.01311269
0.18297928	0.28380729	0.01296245
0.18344135	0.26086295	0.01251038
0.18390342	0.25949710	0.01256099
0.18436549	0.24879869	0.01238171
0.18482755	0.26787245	0.01293380
0.18528962	0.27706185	0.01324230
0.18575169	0.27508379	0.01328401
0.18621376	0.29126160	0.01376160
0.18667583	0.26324498	0.01317191
0.18713790	0.28207461	0.01372786
0.18759997	0.26878053	0.01349226
0.18806204	0.24857669	0.01306453
0.18852411	0.26775475	0.01365287
0.18898617	0.26592411	0.01370064
0.18944824	0.24399275	0.01321518
0.18991031	0.25759303	0.01367387
0.19037238	0.25812252	0.01378461
0.19083445	0.26348660	0.01402609
0.19129652	0.29808247	0.01502523
0.19175859	0.28557845	0.01481261
0.19222066	0.25666233	0.01414450
0.19268273	0.26895769	0.01458507
0.19314479	0.28104535	0.01501890
0.19360686	0.26029825	0.01456108
0.19406893	0.29971023	0.01574137
0.19453100	0.25240045	0.01455449
0.19499307	0.26709600	0.01508598
0.19545514	0.28615077	0.01573454
0.19591721	0.25919269	0.01509088
0.19637928	0.25974765	0.01522498
0.19684135	0.29531803	0.01636198
0.19730341	0.26648540	0.01566647
0.19776548	0.24432298	0.01512150
0.19822755	0.25874710	0.01568791
0.19868962	0.24640401	0.01543487
0.19915169	0.23742112	0.01527671
0.19961376	0.26588156	0.01630217
0.20007583	0.26880370	0.01653073
0.20053790	0.26994330	0.01670811
0.20099997	0.26496662	0.01669738
0.20146203	0.26911701	0.01697586
0.20192410	0.24030930	0.01618466
0.20238617	0.22214007	0.01570142
0.20284824	0.24862969	0.01676339
0.20331031	0.27190554	0.01769329
0.20377238	0.26544020	0.01764629
0.20423445	0.26990241	0.01796399
0.20469652	0.26285546	0.01789980
0.20515859	0.25778484	0.01790079
0.20562065	0.26380319	0.01828956
0.20608272	0.26619572	0.01855891
0.20654479	0.26325874	0.01864676
0.20700686	0.28045619	0.01944819
0.20746893	0.25915580	0.01889468
0.20793100	0.26326358	0.01925076
0.20839307	0.24480518	0.01876899
0.20885514	0.23651049	0.01865617
0.20931721	0.22883406	0.01856165
0.20977927	0.25964797	0.02000343
0.21024134	0.28914548	0.02136127
0.21070341	0.27498534	0.02108562
0.21116548	0.28747278	0.02182751
0.21162755	0.24237071	0.02029723
0.21208962	0.28764096	0.02239936
0.21255169	0.25688790	0.02144986
0.21301376	0.23525901	0.02080675
0.21347583	0.28999327	0.02342323
0.21393789	0.24232480	0.02171825
0.21439996	0.28242738	0.02379096
0.21486203	0.29040889	0.02448870
0.21532410	0.25818162	0.02344795
0.21578617	0.21896078	0.02193803
0.21624824	0.26336476	0.02445502
0.21671031	0.26905867	0.02513643
0.21717238	0.29364810	0.02671870
0.21763445	0.26152122	0.02566986
0.21809651	0.29511334	0.02777779
0.21855858	0.23105416	0.02505404
0.21902065	0.24661467	0.02640310
0.21948272	0.31414224	0.03042038
0.21994479	0.25059180	0.02775877
0.22040686	0.28043421	0.03002886
0.22086893	0.32454191	0.03306679
0.22133100	0.36429153	0.03589898
0.22179307	0.27071691	0.03174909
0.22225513	0.30941578	0.03486824
0.22271720	0.31189528	0.03601485
0.22317927	0.29403004	0.03603290
0.22364134	0.28215189	0.03643911
0.22410341	0.26863292	0.03678174
0.22456548	0.28529429	0.03930597
0.22502755	0.27004345	0.03976314
0.22548962	0.24486810	0.03949789
0.22595169	0.21988008	0.03919139
0.22641375	0.33670459	0.05101391
0.22687582	0.29722863	0.05069826
0.22733789	0.21938216	0.04639343
0.22779996	0.24552742	0.05274811
0.22826203	0.20050026	0.05184593
0.22872410	0.26055594	0.06537407
0.22918617	0.38121440	0.08970824
0.22964824	0.15117900	0.06687672
0.23011031	0.35884765	0.13308271
