0.00646896	17.80126627	1.88579436
0.00693103	12.88902493	0.19004807
0.00739310	11.43672324	0.13995488
0.00785517	10.74762892	0.13013076
0.00831724	10.31826364	0.12332849
0.00877931	10.07987774	0.11796526
0.00924138	9.99601289	0.11371404
0.00970345	10.12413155	0.11151182
0.01016552	9.71920534	0.10667318
0.01062758	9.67281698	0.10377193
0.01108965	8.70888282	0.09619009
0.01155172	7.86190257	0.08929144
0.01201379	7.10870276	0.08311144
0.01247586	6.30358889	0.07670526
0.01293793	5.83374871	0.07237889
0.01340000	5.15984753	0.06684655
0.01386207	4.65350721	0.06235360
0.01432414	4.45685067	0.05999550
0.01478620	4.12817163	0.05681050
0.01524827	3.84379236	0.05391288
0.01571034	3.53810358	0.05093431
0.01617241	3.33659320	0.04872087
0.01663448	3.25545211	0.04743155
0.01709655	3.06703055	0.04538332
0.01755862	2.95244387	0.04470095
0.01802069	2.90235997	0.04491335
0.01848276	2.83940384	0.04452839
0.01894482	2.81351264	0.04431303
0.01940689	2.63318655	0.04274903
0.01986896	2.60481176	0.04237175
0.02033103	2.57429129	0.04197107
0.02079310	2.54284936	0.04154130
0.02125517	2.51607037	0.04112631
0.02171724	2.38357617	0.03983980
0.02217931	2.40055974	0.03977385
0.02264138	2.44495446	0.03993166
0.02310344	2.40345129	0.03938032
0.02356551	2.33660142	0.03861337
0.02402758	2.32923627	0.03833568
0.02448965	2.42940743	0.03894479
0.02495172	2.48405586	0.03916576
0.02541379	2.48589011	0.03896459
0.02587586	2.55648436	0.03929158
0.02633793	2.48257772	0.03851046
0.02680000	2.51415890	0.03853393
0.02726206	2.63615933	0.03924884
0.02772413	2.61067031	0.03883932
0.02818620	2.60368128	0.03857363
0.02864827	2.77449332	0.03961016
0.02911034	2.86945241	0.04006308
0.02957241	2.88560546	0.03995527
0.03003448	3.03220679	0.04074707
0.03049655	3.11472714	0.04108116
0.03095862	3.25788550	0.04178986
0.03142068	3.46741885	0.04289449
0.03188275	3.53171225	0.04305948
0.03234482	3.73623756	0.04406286
0.03280689	4.05264410	0.04565172
0.03326896	4.34182820	0.04701668
0.03373103	4.74623794	0.04891187
0.03419310	5.21617632	0.05102995
0.03465517	5.78261404	0.05346162
0.03511724	6.42242618	0.05606423
0.03557930	7.48261481	0.06022533
0.03604137	9.19774886	0.06791161
0.03650344	11.51643969	0.07717417
0.03696551	13.46335654	0.08401666
0.03742758	14.40103718	0.08711296
0.03788965	15.16168465	0.08943312
0.03835172	16.45684703	0.09345905
0.03881379	18.97866145	0.10086034
0.03927586	22.39266731	0.11003576
0.03973792	27.43265384	0.12226511
0.04019999	33.76210938	0.13579574
0.04066206	40.97812656	0.14941085
0.04112413	50.03825465	0.16487058
0.04158620	59.73023233	0.17985739
0.04204827	66.92674061	0.19007401
0.04251034	73.94316889	0.19945008
0.04297241	82.22411352	0.20994256
0.04343448	90.52286214	0.21987681
0.04389654	94.11555232	0.22377313
0.04435861	92.00887891	0.22082327
0.04482068	89.14172188	0.21692534
0.04528275	87.01678340	0.21388864
0.04574482	86.61126432	0.21295358
0.04620689	85.44154776	0.21106463
0.04666896	82.08873410	0.20644498
0.04713103	78.97536595	0.20206177
0.04759310	74.62645143	0.19599559
0.04805516	71.10813066	0.19090677
0.04851723	67.89459060	0.18613140
0.04897930	63.11893032	0.17907153
0.04944137	55.92767307	0.16819076
0.04990344	45.76088117	0.15179923
0.05036551	36.07009463	0.13447206
0.05082758	29.11399492	0.12053924
0.05128965	23.63206254	0.10835660
0.05175172	19.09228780	0.09717606
0.05221378	14.86878637	0.08556367
0.05267585	11.83478492	0.07616518
0.05313792	9.72625762	0.06889163
0.05359999	8.39400415	0.06385619
0.05406206	7.48831532	0.06017560
0.05452413	6.84365898	0.05739729
0.05498620	6.15993004	0.05433220
0.05544827	5.68234869	0.05206561
0.05591034	5.24231241	0.04989689
0.05637240	5.03815242	0.04880450
0.05683447	4.74215749	0.04724271
0.05729654	4.59192820	0.04638418
0.05775861	4.37882069	0.04519332
0.05822068	4.07219748	0.04348507
0.05868275	3.96981236	0.04283805
0.05914482	3.75471822	0.04156845
0.05960689	3.65585144	0.04092628
0.06006896	3.44306507	0.03962900
0.06053102	3.41762426	0.03939499
0.06099309	3.20711288	0.03807771
0.06145516	3.09952755	0.03735131
0.06191723	2.86555968	0.03583406
0.06237930	2.73811331	0.03495111
0.06284137	2.72316317	0.03477931
0.06330344	2.67445402	0.03439132
0.06376551	2.56786942	0.03362585
0.06422758	2.39273218	0.03238764
0.06468964	2.46641013	0.03281119
0.06515171	2.41136885	0.03237293
0.06561378	2.23052451	0.03106807
0.06607585	2.12343873	0.03024813
0.06653792	2.08044224	0.02987552
0.06699999	2.06274054	0.02968459
0.06746206	1.95776841	0.02885780
0.06792413	1.92583527	0.02856058
0.06838620	1.89335386	0.02825885
0.06884826	1.86893537	0.02801655
0.06931033	1.79306723	0.02738446
0.06977240	1.75413737	0.02702816
0.07023447	1.70538534	0.02659412
0.07069654	1.71863485	0.02664164
0.07115861	1.70821534	0.02650540
0.07162068	1.62223226	0.02577636
0.07208275	1.61076971	0.02563158
0.07254482	1.57016687	0.02525435
0.07300688	1.51388496	0.02474676
0.07346895	1.49261099	0.02452191
0.07393102	1.47897274	0.02435999
0.07439309	1.45213139	0.02408869
0.07485516	1.42248996	0.02379349
0.07531723	1.39234478	0.02349206
0.07577930	1.42789976	0.02374218
0.07624137	1.40890762	0.02353656
0.07670344	1.39704240	0.02339025
0.07716550	1.47073523	0.02395160
0.07762757	1.58486217	0.02481371
0.07808964	1.64552471	0.02523407
0.07855171	1.70011757	0.02559873
0.07901378	1.65966354	0.02524250
0.07947585	1.55752219	0.02440566
0.07993792	1.54440131	0.02425475
0.08039999	1.51392437	0.02396750
0.08086206	1.49624603	0.02378098
0.08132412	1.47004100	0.02352616
0.08178619	1.46696397	0.02345637
0.08224826	1.46438049	0.02339055
0.08271033	1.45973806	0.02330894
0.08317240	1.37697287	0.02259492
0.08363447	1.27188935	0.02167432
0.08409654	1.23618808	0.02132756
0.08455861	1.15911792	0.02061292
0.08502067	1.15953703	0.02057799
0.08548274	1.10213284	0.02002418
0.08594481	1.11008691	0.02005872
0.08640688	1.09955105	0.01992616
0.08686895	1.04890347	0.01942561
0.08733102	1.06614125	0.01954845
0.08779309	1.08680602	0.01970025
0.08825516	1.12578766	0.02001358
0.08871723	1.08091591	0.01957477
0.08917929	1.10255972	0.01973361
0.08964136	1.07564711	0.01945589
0.09010343	1.09216882	0.01956905
0.09056550	1.08927086	0.01950788
0.09102757	1.05574323	0.01917037
0.09148964	1.03039844	0.01890481
0.09195171	1.03257877	0.01889098
0.09241378	1.00353649	0.01859009
0.09287585	0.98293006	0.01836563
0.09333791	0.96588517	0.01817312
0.09379998	0.92066797	0.01771127
0.09426205	0.90402173	0.01751955
0.09472412	0.87566447	0.01721224
0.09518619	0.85264289	0.01695484
0.09564826	0.78994023	0.01629079
0.09611033	0.83494579	0.01671931
0.09657240	0.78612314	0.01619503
0.09703447	0.78415012	0.01614670
0.09749653	0.75163946	0.01578129
0.09795860	0.73758765	0.01560615
0.09842067	0.73130529	0.01551307
0.09888274	0.74442045	0.01562461
0.09934481	0.73562760	0.01550562
0.09980688	0.71297868	0.01523924
0.10026895	0.69526288	0.01502322
0.10073102	0.68688199	0.01490735
0.10119309	0.68589690	0.01487142
0.10165515	0.70220649	0.01502199
0.10211722	0.68858789	0.01485083
0.10257929	0.68364282	0.01477274
0.10304136	0.68187204	0.01472921
0.10350343	0.69321599	0.01482646
0.10396550	0.68477056	0.01471159
0.10442757	0.66840050	0.01451083
0.10488964	0.69692551	0.01479293
0.10535171	0.69005037	0.01469582
0.10581377	0.71613646	0.01494657
0.10627584	0.68636951	0.01460900
0.10673791	0.73632302	0.01510658
0.10719998	0.68082361	0.01450266
0.10766205	0.71707727	0.01485991
0.10812412	0.72222526	0.01488919
0.10858619	0.70843882	0.01472292
0.10904826	0.67523118	0.01435061
0.10951033	0.66557670	0.01422501
0.10997239	0.69255716	0.01448753
0.11043446	0.70280849	0.01457127
0.11089653	0.64464642	0.01393342
0.11135860	0.64958727	0.01396457
0.11182067	0.63647076	0.01380124
0.11228274	0.62598579	0.01366576
0.11274481	0.61334947	0.01350606
0.11320688	0.62220653	0.01358219
0.11366895	0.62997895	0.01364556
0.11413101	0.59595544	0.01325160
0.11459308	0.61372924	0.01342690
0.11505515	0.59244191	0.01317175
0.11551722	0.60970632	0.01334192
0.11597929	0.59954290	0.01321004
0.11644136	0.58952321	0.01307937
0.11690343	0.58458386	0.01300456
0.11736550	0.59639473	0.01311542
0.11782757	0.57926942	0.01290632
0.11828963	0.58809109	0.01298465
0.11875170	0.59149936	0.01300279
0.11921377	0.59197215	0.01298839
0.11967584	0.59949113	0.01305116
0.12013791	0.58501762	0.01287354
0.12059998	0.58306092	0.01283293
0.12106205	0.59004543	0.01289057
0.12152412	0.60411148	0.01302394
0.12198619	0.59853719	0.01294470
0.12244825	0.58663268	0.01279658
0.12291032	0.57645363	0.01266654
0.12337239	0.56081823	0.01247544
0.12383446	0.55865675	0.01243325
0.12429653	0.53481942	0.01214757
0.12475860	0.54391337	0.01223257
0.12522067	0.53149890	0.01207475
0.12568274	0.52936877	0.01203327
0.12614481	0.50973643	0.01179108
0.12660687	0.50543675	0.01172455
0.12706894	0.51811777	0.01185367
0.12753101	0.48100826	0.01140507
0.12799308	0.48887071	0.01148165
0.12845515	0.46242482	0.01115099
0.12891722	0.47239056	0.01125469
0.12937929	0.44862220	0.01095235
0.12984136	0.46491452	0.01113385
0.13030343	0.45618946	0.01101349
0.13076549	0.45044081	0.01092862
0.13122756	0.45909352	0.01101780
0.13168963	0.44874756	0.01087781
0.13215170	0.43595548	0.01070690
0.13261377	0.44645792	0.01082003
0.13307584	0.42206240	0.01050580
0.13353791	0.39764082	0.01018338
0.13399998	0.42360357	0.01049616
0.13446205	0.42771494	0.01053265
0.13492411	0.41349455	0.01034187
0.13538618	0.39543308	0.01009976
0.13584825	0.42672141	0.01047756
0.13631032	0.40222925	0.01015868
0.13677239	0.42939549	0.01048205
0.13723446	0.42071917	0.01036156
0.13769653	0.40222251	0.01011767
0.13815860	0.38815554	0.00992592
0.13862067	0.38821171	0.00991340
0.13908273	0.38130601	0.00981182
0.13954480	0.37183240	0.00967622
0.14000687	0.39802455	0.00999799
0.14046894	0.40139740	0.01002704
0.14093101	0.39880491	0.00998145
0.14139308	0.38781358	0.00983007
0.14185515	0.38925403	0.00983539
0.14231722	0.37565481	0.00964950
0.14277929	0.36120116	0.00944962
0.14324135	0.37282792	0.00958803
0.14370342	0.37320901	0.00958054
0.14416549	0.37303871	0.00956595
0.14462756	0.36071417	0.00939453
0.14508963	0.35688778	0.00933245
0.14555170	0.36558260	0.00943334
0.14601377	0.35413726	0.00927264
0.14647584	0.34396708	0.00912685
0.14693791	0.36617439	0.00940492
0.14739997	0.34838795	0.00916192
0.14786204	0.35502985	0.00923713
0.14832411	0.33656933	0.00898242
0.14878618	0.36422124	0.00933234
0.14924825	0.35097594	0.00914960
0.14971032	0.34943130	0.00911883
0.15017239	0.33940031	0.00897484
0.15063446	0.34629440	0.00905422
0.15109653	0.32626744	0.00877756
0.15155859	0.34630955	0.00903194
0.15202066	0.33195768	0.00883182
0.15248273	0.32510700	0.00872946
0.15294480	0.33848027	0.00889611
0.15340687	0.33371216	0.00882236
0.15386894	0.32899661	0.00874908
0.15433101	0.33877056	0.00886720
0.15479308	0.31325267	0.00851633
0.15525515	0.32943282	0.00872277
0.15571721	0.34124455	0.00886697
0.15617928	0.34124626	0.00885626
0.15664135	0.33493321	0.00876333
0.15710342	0.31849454	0.00853529
0.15756549	0.33717463	0.00877136
0.15802756	0.31480562	0.00846523
0.15848963	0.31685031	0.00848251
0.15895170	0.30909654	0.00836805
0.15941377	0.31796379	0.00847713
0.15987583	0.32483380	0.00855877
0.16033790	0.30666586	0.00834277
0.16079997	0.31675631	0.00874300
0.16126204	0.32893846	0.00907640
0.16172411	0.33655885	0.00926202
0.16218618	0.31999500	0.00907666
0.16264825	0.31029313	0.00897646
0.16311032	0.32758798	0.00925801
0.16357239	0.31239801	0.00907154
0.16403445	0.31998397	0.00920950
0.16449652	0.30749277	0.00905371
0.16495859	0.30058998	0.00897530
0.16542066	0.30507976	0.00906440
0.16588273	0.30493312	0.00912397
0.16634480	0.31612532	0.00968499
0.16680687	0.30148724	0.00972767
0.16726894	0.29565139	0.00984707
0.16773101	0.29097678	0.00995952
0.16819307	0.34642164	0.01106186
0.16865514	0.34097926	0.01115982
0.16911721	0.28772029	0.01041663
0.16957928	0.29721796	0.01075210
0.17004135	0.30474588	0.01102404
0.17050342	0.29016397	0.01084761
0.17096549	0.30456833	0.01120421
0.17142756	0.28891669	0.01099933
0.17188963	0.29387534	0.01117967
0.17235169	0.30660917	0.01150651
0.17281376	0.28833383	0.01124208
0.17327583	0.27020526	0.01096337
0.17373790	0.39580521	0.01336574
0.17419997	0.28533740	0.01143005
0.17466204	0.32200123	0.01222869
0.17512411	0.29584995	0.01180428
0.17558618	0.28536706	0.01167430
0.17604825	0.27878784	0.01161898
0.17651031	0.28685172	0.01186699
0.17697238	0.28313458	0.01187191
0.17743445	0.29798527	0.01226246
0.17789652	0.30745530	0.01253847
0.17835859	0.27130709	0.01185782
0.17882066	0.29982895	0.01254936
0.17928273	0.28631893	0.01234559
0.17974480	0.29926220	0.01270941
0.18020687	0.28097116	0.01239376
0.18066893	0.28361051	0.01253486
0.18113100	0.27789641	0.01249060
0.18159307	0.29145734	0.01287690
0.18205514	0.26931829	0.01246060
0.18251721	0.29158282	0.01305180
0.18297928	0.28167389	0.01291364
0.18344135	0.26877145	0.01269860
0.18390342	0.27511357	0.01293343
0.18436549	0.26568190	0.01279492
0.18482755	0.28570155	0.01335729
0.18528962	0.26937464	0.01305730
0.18575169	0.25454726	0.01277853
0.18621376	0.25990994	0.01299986
0.18667583	0.26759816	0.01328037
0.18713790	0.24518585	0.01279878
0.18759997	0.27069971	0.01354034
0.18806204	0.28663693	0.01402909
0.18852411	0.27460332	0.01382637
0.18898617	0.27480282	0.01392748
0.18944824	0.26746919	0.01383635
0.18991031	0.25012596	0.01347422
0.19037238	0.27172769	0.01414322
0.19083445	0.29238276	0.01477520
0.19129652	0.30984433	0.01531879
0.19175859	0.27767783	0.01460627
0.19222066	0.28867701	0.01500073
0.19268273	0.30333196	0.01548908
0.19314479	0.27806014	0.01493893
0.19360686	0.28342967	0.01519430
0.19406893	0.28363718	0.01531346
0.19453100	0.25950235	0.01475783
0.19499307	0.24930778	0.01457497
0.19545514	0.28102331	0.01559293
0.19591721	0.26466238	0.01524927
0.19637928	0.29051539	0.01610146
0.19684135	0.27162099	0.01569179
0.19730341	0.25595832	0.01535391
0.19776548	0.25275216	0.01538014
0.19822755	0.26290338	0.01581340
0.19868962	0.26214800	0.01592034
0.19915169	0.29123065	0.01691954
0.19961376	0.29076874	0.01704807
0.20007583	0.26185974	0.01631582
0.20053790	0.27615849	0.01689936
0.20099997	0.27676464	0.01706507
0.20146203	0.25602537	0.01655780
0.20192410	0.27202753	0.01721966
0.20238617	0.25493677	0.01682061
0.20284824	0.24502231	0.01664134
0.20331031	0.27580697	0.01781977
0.20377238	0.29983069	0.01875462
0.20423445	0.27288155	0.01806286
0.20469652	0.29214938	0.01887088
0.20515859	0.29069034	0.01900898
0.20562065	0.27835103	0.01878710
0.20608272	0.26235678	0.01842460
0.20654479	0.30224099	0.01997969
0.20700686	0.27947865	0.01941427
0.20746893	0.25521685	0.01875054
0.20793100	0.23665077	0.01825183
0.20839307	0.26166417	0.01940452
0.20885514	0.27010005	0.01993699
0.20931721	0.23901809	0.01897019
0.20977927	0.26259991	0.02011681
0.21024134	0.31452788	0.02227914
0.21070341	0.26066713	0.02052933
0.21116548	0.27771985	0.02145405
0.21162755	0.27163508	0.02148768
0.21208962	0.22851514	0.01996492
0.21255169	0.27825684	0.02232419
0.21301376	0.26889151	0.02224435
0.21347583	0.29482515	0.02361756
0.21393789	0.29296862	0.02388011
0.21439996	0.26614807	0.02309512
0.21486203	0.28977792	0.02446208
0.21532410	0.25817007	0.02344743
0.21578617	0.28146971	0.02487312
0.21624824	0.27262825	0.02488139
0.21671031	0.34441933	0.02843963
0.21717238	0.36277533	0.02969755
0.21763445	0.35788950	0.03002926
0.21809651	0.32218464	0.02902389
0.21855858	0.26980710	0.02707370
0.21902065	0.27455467	0.02785863
0.21948272	0.24613375	0.02692694
0.21994479	0.26551599	0.02857342
0.22040686	0.26511135	0.02919695
0.22086893	0.26193597	0.02970668
0.22133100	0.29197231	0.03213871
0.22179307	0.31247944	0.03411020
0.22225513	0.29858004	0.03425226
0.22271720	0.31883109	0.03641309
0.22317927	0.29474048	0.03607640
0.22364134	0.29324156	0.03714831
0.22410341	0.37406634	0.04340372
0.22456548	0.30801099	0.04084088
0.22502755	0.29152036	0.04131410
0.22548962	0.30895657	0.04436664
0.22595169	0.28412652	0.04455060
0.22641375	0.32423380	0.05006027
0.22687582	0.24967028	0.04646556
0.22733789	0.23949226	0.04847318
0.22779996	0.24131886	0.05229408
0.22826203	0.33434099	0.06695022
0.22872410	0.21482513	0.05936050
0.22918617	0.23388710	0.07026690
0.22964824	0.10869829	0.05670751
0.23011031	0.07309611	0.06006393
