0.00372449	0.00000000	0.00000000
0.00419005	0.08618985	0.05465220
0.00465561	0.07296553	0.03592452
0.00512117	0.38361070	0.06558649
0.00558674	5.75451455	0.22234555
0.00605230	14.99822840	0.29536423
0.00651786	12.90465561	0.23288368
0.00698342	7.13659072	0.15558124
0.00744898	6.22162775	0.13297325
0.00791454	5.16247959	0.11213542
0.00838010	4.34106137	0.09532302
0.00884567	3.61827405	0.08083327
0.00931123	3.42888962	0.07308540
0.00977679	3.28902562	0.06528114
0.01024235	3.22401529	0.06087159
0.01070791	2.83798036	0.05572337
0.01117347	2.71278220	0.05334728
0.01163903	2.58164207	0.05082431
0.01210459	2.40767696	0.04805710
0.01257016	2.33345464	0.04636294
0.01303572	2.21936328	0.04432823
0.01350128	2.12849520	0.04263466
0.01396684	2.01540078	0.04077516
0.01443240	1.92923554	0.03919844
0.01489796	1.87934203	0.03803287
0.01536352	1.91442887	0.03778417
0.01582909	1.79919645	0.03607912
0.01629465	1.75017547	0.03504190
0.01676021	1.70203353	0.03404330
0.01722577	1.75268053	0.03405890
0.01769133	1.73079254	0.03338147
0.01815689	1.67110808	0.03299182
0.01862245	1.66137097	0.03331478
0.01908801	1.66352269	0.03340746
0.01955358	1.70487645	0.03379834
0.02001914	1.69787681	0.03365304
0.02048470	1.70526672	0.03362857
0.02095026	1.73933201	0.03381964
0.02141582	1.66572260	0.03296702
0.02188138	1.70024087	0.03315272
0.02234694	1.74988886	0.03348096
0.02281251	1.74201749	0.03324339
0.02327807	1.78746474	0.03349743
0.02374363	1.80745720	0.03350874
0.02420919	1.82839408	0.03353401
0.02467475	1.87940232	0.03381202
0.02514031	1.88350476	0.03367077
0.02560587	1.98301187	0.03436358
0.02607143	2.01171635	0.03441808
0.02653700	2.05094370	0.03456250
0.02700256	2.05376444	0.03440914
0.02746812	2.14556058	0.03498496
0.02793368	2.14822778	0.03481259
0.02839924	2.19271069	0.03499032
0.02886480	2.22026053	0.03501111
0.02933036	2.30899003	0.03552094
0.02979592	2.38009404	0.03587416
0.03026149	2.46615335	0.03631932
0.03072705	2.56097730	0.03681687
0.03119261	2.63898607	0.03718894
0.03165817	2.61288363	0.03681255
0.03212373	2.77547652	0.03775522
0.03258929	2.88385902	0.03832683
0.03305485	2.97786044	0.03993637
0.03352042	3.10142898	0.04124935
0.03398598	3.24479266	0.04243323
0.03445154	3.35444524	0.04326066
0.03491710	3.46383053	0.04400140
0.03538266	3.66364357	0.04525650
0.03584822	3.87248827	0.04671441
0.03631378	3.94213889	0.04732346
0.03677934	4.08505939	0.04835780
0.03724491	4.35425116	0.05009892
0.03771047	4.51248926	0.05104245
0.03817603	4.70114007	0.05201709
0.03864159	4.94814567	0.05326235
0.03910715	5.16875579	0.05433717
0.03957271	5.37348107	0.05529826
0.04003827	5.72554639	0.05696545
0.04050384	6.15135840	0.05892938
0.04096940	6.43929936	0.06015438
0.04143496	6.86964503	0.06199882
0.04190052	7.42542059	0.06431963
0.04236608	7.92165561	0.06628379
0.04283164	8.70869593	0.06934802
0.04329720	10.01453228	0.07418226
0.04376276	12.21520512	0.08173987
0.04422833	15.70686640	0.09247828
0.04469389	20.79386066	0.10615142
0.04515945	28.86032709	0.12477434
0.04562501	41.29653118	0.14887529
0.04609057	59.26932972	0.17792787
0.04655613	81.86612961	0.20862525
0.04702169	109.16494946	0.24032184
0.04748726	152.82013695	0.28368748
0.04795282	256.08151221	0.36628172
0.04841838	492.25816384	0.50660467
0.04888394	846.85686926	0.66291038
0.04934950	1047.11061547	0.73522455
0.04981506	895.01808180	0.67810899
0.05028062	587.65927215	0.54815892
0.05074618	335.75793106	0.41333142
0.05121175	161.57235957	0.28605367
0.05167731	62.30604946	0.17717637
0.05214287	29.44776784	0.12151394
0.05260843	19.93697277	0.09974609
0.05307399	15.80267275	0.08858811
0.05353955	13.73530408	0.08239789
0.05400511	12.14717252	0.07728941
0.05447068	11.06966574	0.07360611
0.05493624	10.09288065	0.07011835
0.05540180	9.34810664	0.06731888
0.05586736	8.74323985	0.06495465
0.05633292	8.36282566	0.06336488
0.05679848	7.84927258	0.06124344
0.05726404	7.41538938	0.05938869
0.05772960	7.00438304	0.05758146
0.05819517	6.57239848	0.05565108
0.05866073	6.28467132	0.05428326
0.05912629	5.98850515	0.05286494
0.05959185	5.73365273	0.05160983
0.06005741	5.56210430	0.05071184
0.06052297	5.33981699	0.04957736
0.06098853	5.12850161	0.04846688
0.06145410	4.87552381	0.04714731
0.06191966	4.72879481	0.04632840
0.06238522	4.53297946	0.04525332
0.06285078	4.44768665	0.04472739
0.06331634	4.25008288	0.04361665
0.06378190	4.07337873	0.04260308
0.06424746	4.01780045	0.04221840
0.06471302	3.91611618	0.04158085
0.06517859	3.69432231	0.04029640
0.06564415	3.65518540	0.03999394
0.06610971	3.62422394	0.03973481
0.06657527	3.42276324	0.03853139
0.06704083	3.35659156	0.03806726
0.06750639	3.29699701	0.03764514
0.06797195	3.24368226	0.03725876
0.06843752	3.17899414	0.03680381
0.06890308	3.03961884	0.03591193
0.06936864	3.01456639	0.03568091
0.06983420	3.01119680	0.03558399
0.07029976	2.88410292	0.03475114
0.07076532	2.86173179	0.03454071
0.07123088	2.79998557	0.03409531
0.07169644	2.70685026	0.03344731
0.07216201	2.67636806	0.03318775
0.07262757	2.62433217	0.03279530
0.07309313	2.56607355	0.03235970
0.07355869	2.55207448	0.03220587
0.07402425	2.49190012	0.03175293
0.07448981	2.42374803	0.03125015
0.07495537	2.38540378	0.03093893
0.07542094	2.39604324	0.03094238
0.07588650	2.42256295	0.03105135
0.07635206	2.33269966	0.03040325
0.07681762	2.33952555	0.03038494
0.07728318	2.42623042	0.03088124
0.07774874	2.34070933	0.03026639
0.07821430	2.33338338	0.03015818
0.07867986	2.35779745	0.03025501
0.07914543	2.30096796	0.02982750
0.07961099	2.31873677	0.02988404
0.08007655	2.25952949	0.02943729
0.08054211	2.24046477	0.02925475
0.08100767	2.35804919	0.02995391
0.08147323	2.42500520	0.03031547
0.08193879	2.62110183	0.03145715
0.08240436	2.89431985	0.03298697
0.08286992	3.13520418	0.03426522
0.08333548	3.45604671	0.03590687
0.08380104	3.85408537	0.03784360
0.08426660	4.47518872	0.04070276
0.08473216	6.19006639	0.04777203
0.08519772	9.04805991	0.05764584
0.08566328	13.01853310	0.06901688
0.08612885	16.91946390	0.07852798
0.08659441	16.26037011	0.07684210
0.08705997	12.30562369	0.06671284
0.08752553	8.23316249	0.05446499
0.08799109	5.23741240	0.04336038
0.08845665	3.31490066	0.03443017
0.08892221	2.48405021	0.02975110
0.08938777	2.23258489	0.02814918
0.08985334	2.15856069	0.02762691
0.09031890	1.97723476	0.02639344
0.09078446	1.89235227	0.02577008
0.09125002	1.82658680	0.02527216
0.09171558	1.81485214	0.02514532
0.09218114	1.78747431	0.02490902
0.09264670	1.70990861	0.02431954
0.09311227	1.65884432	0.02390751
0.09357783	1.62392565	0.02361202
0.09404339	1.60666454	0.02344459
0.09450895	1.60307979	0.02337594
0.09497451	1.61672233	0.02343455
0.09544007	1.56983226	0.02304847
0.09590563	1.56099973	0.02294280
0.09637119	1.63952870	0.02347197
0.09683676	1.62393915	0.02331833
0.09730232	1.71099785	0.02389458
0.09776788	1.71072206	0.02384816
0.09823344	1.92957471	0.02528343
0.09869900	2.32996561	0.02773573
0.09916456	2.87091983	0.03073326
0.09963012	3.22991213	0.03254392
0.10009569	2.90232595	0.03079295
0.10056125	2.20331546	0.02678348
0.10102681	1.77707436	0.02401350
0.10149237	1.43590274	0.02154650
0.10195793	1.27357544	0.02025787
0.10242349	1.16404691	0.01933474
0.10288905	1.13199929	0.01903429
0.10335461	1.11662792	0.01887364
0.10382018	1.09589767	0.01866426
0.10428574	1.06131270	0.01833683
0.10475130	1.07267015	0.01840438
0.10521686	1.04422298	0.01812820
0.10568242	1.00971597	0.01779750
0.10614798	0.99462520	0.01763299
0.10661354	1.01223001	0.01775914
0.10707911	0.97910902	0.01743801
0.10754467	0.95673387	0.01720903
0.10801023	0.97073447	0.01730714
0.10847579	0.95448569	0.01713202
0.10894135	0.95173570	0.01707958
0.10940691	0.93849793	0.01693354
0.10987247	0.93642822	0.01688717
0.11033803	0.92470881	0.01675518
0.11080360	0.88887040	0.01639934
0.11126916	0.87553038	0.01624975
0.11173472	0.87025654	0.01617556
0.11220028	0.87387863	0.01618186
0.11266584	0.85106178	0.01594420
0.11313140	0.86134947	0.01601526
0.11359696	0.85101890	0.01589375
0.11406253	0.82670704	0.01564118
0.11452809	0.82844039	0.01563158
0.11499365	0.83653711	0.01568347
0.11545921	0.83034970	0.01560143
0.11592477	0.82796271	0.01555464
0.11639033	0.85580125	0.01579029
0.11685589	0.79246719	0.01516992
0.11732145	0.81177864	0.01533017
0.11778702	0.77873857	0.01499237
0.11825258	0.77426456	0.01492615
0.11871814	0.81014718	0.01524564
0.11918370	0.83709750	0.01547218
0.11964926	0.81492993	0.01524287
0.12011482	0.80371164	0.01511523
0.12058038	0.77673786	0.01483673
0.12104595	0.79409366	0.01497990
0.12151151	0.81088586	0.01511342
0.12197707	0.77135779	0.01471842
0.12244263	0.76035629	0.01459188
0.12290819	0.78423899	0.01479595
0.12337375	0.76655648	0.01460680
0.12383931	0.76417908	0.01456288
0.12430487	0.78730222	0.01475972
0.12477044	0.77185957	0.01459342
0.12523600	0.79644326	0.01480100
0.12570156	0.81203417	0.01492354
0.12616712	0.81857381	0.01496206
0.12663268	0.80639820	0.01482866
0.12709824	0.82676636	0.01499373
0.12756380	0.84763319	0.01515855
0.12802937	0.88275954	0.01544730
0.12849493	0.92136786	0.01575929
0.12896049	0.97510556	0.01618890
0.12942605	1.01669778	0.01650780
0.12989161	1.12456462	0.01733524
0.13035717	1.23572040	0.01814606
0.13082273	1.43394678	0.01952036
0.13128829	1.87163420	0.02226947
0.13175386	2.31740053	0.02474639
0.13221942	2.54349337	0.02588690
0.13268498	2.35506918	0.02487467
0.13315054	1.92307815	0.02244726
0.13361610	1.45404052	0.01949000
0.13408166	1.15367436	0.01733678
0.13454722	0.98391991	0.01598871
0.13501279	0.89639928	0.01523987
0.13547835	0.85575506	0.01487046
0.13594391	0.80380076	0.01439101
0.13640947	0.79735639	0.01431372
0.13687503	0.82041283	0.01449970
0.13734059	0.78795019	0.01419042
0.13780615	0.73287714	0.01366754
0.13827171	0.72658131	0.01358916
0.13873728	0.74871988	0.01377606
0.13920284	0.72972847	0.01358227
0.13966840	0.74955679	0.01374684
0.14013396	0.74571571	0.01369385
0.14059952	0.73676149	0.01359209
0.14106508	0.71056603	0.01333048
0.14153064	0.71816599	0.01338418
0.14199621	0.74318924	0.01359701
0.14246177	0.71899001	0.01335681
0.14292733	0.71638258	0.01331391
0.14339289	0.72429340	0.01336954
0.14385845	0.69912717	0.01311845
0.14432401	0.70156044	0.01312301
0.14478957	0.69549399	0.01304923
0.14525513	0.70069263	0.01308110
0.14572070	0.72173199	0.01325867
0.14618626	0.75195092	0.01351639
0.14665182	0.78878172	0.01382448
0.14711738	0.78128802	0.01374100
0.14758294	0.79930089	0.01388095
0.14804850	0.83313965	0.01415336
0.14851406	0.94756405	0.01507536
0.14897962	1.10629690	0.01626713
0.14944519	1.35795150	0.01799968
0.14991075	1.52438038	0.01904713
0.15037631	1.40556841	0.01826628
0.15084187	1.14606478	0.01647405
0.15130743	0.94812776	0.01496401
0.15177299	0.80997668	0.01381348
0.15223855	0.77092447	0.01345989
0.15270412	0.66879472	0.01252003
0.15316968	0.67823664	0.01259252
0.15363524	0.65471982	0.01235708
0.15410080	0.61377229	0.01194947
0.15456636	0.60295374	0.01182944
0.15503192	0.58188349	0.01160568
0.15549748	0.60570551	0.01182635
0.15596304	0.58198564	0.01157845
0.15642861	0.57910940	0.01153549
0.15689417	0.57312043	0.01146210
0.15735973	0.55337637	0.01124835
0.15782529	0.54464942	0.01114573
0.15829085	0.54427427	0.01112863
0.15875641	0.52329653	0.01089865
0.15922197	0.53496226	0.01100662
0.15968754	0.54914102	0.01113725
0.16015310	0.53722856	0.01100251
0.16061866	0.52415819	0.01085511
0.16108422	0.52015730	0.01079986
0.16154978	0.51485645	0.01073198
0.16201534	0.53112861	0.01088741
0.16248090	0.53257399	0.01088917
0.16294646	0.51508399	0.01069653
0.16341203	0.53473234	0.01092734
0.16387759	0.52229581	0.01113689
0.16434315	0.50330083	0.01114332
0.16480871	0.50270825	0.01124456
0.16527427	0.53190619	0.01165763
0.16573983	0.50404249	0.01182547
0.16620539	0.51952397	0.01236476
0.16667096	0.51917283	0.01264697
0.16713652	0.52091392	0.01292537
0.16760208	0.52684332	0.01324057
0.16806764	0.50509887	0.01319085
0.16853320	0.52485450	0.01366802
0.16899876	0.51727425	0.01372572
0.16946432	0.50186128	0.01364363
0.16992988	0.49946917	0.01373135
0.17039545	0.59200713	0.01507725
0.17086101	0.59843789	0.01528497
0.17132657	0.52282186	0.01440251
0.17179213	0.52484219	0.01454466
0.17225769	0.53851657	0.01484731
0.17272325	0.55211108	0.01514814
0.17318881	0.58399316	0.01569618
0.17365438	0.56277650	0.01552223
0.17411994	0.54100708	0.01532994
0.17458550	0.51878885	0.01511990
0.17505106	0.52305269	0.01528997
0.17551662	0.52838345	0.01547598
0.17598218	0.62571891	0.01695881
0.17644774	0.49921334	0.01525270
0.17691330	0.51985455	0.01567185
0.17737887	0.48786496	0.01528572
0.17784443	0.48278008	0.01531284
0.17830999	0.49193307	0.01555798
0.17877555	0.49434478	0.01570098
0.17924111	0.51265116	0.01609618
0.17970667	0.51653874	0.01626500
0.18017223	0.55399749	0.01696089
0.18063780	0.51167835	0.01640450
0.18110336	0.53103588	0.01682265
0.18156892	0.48625361	0.01620433
0.18203448	0.45962094	0.01585858
0.18250004	0.45617543	0.01590355
0.18296560	0.46032267	0.01608136
0.18343116	0.43804681	0.01579125
0.18389672	0.46076014	0.01630273
0.18436229	0.47592313	0.01667866
0.18482785	0.47180310	0.01671658
0.18529341	0.41986109	0.01587447
0.18575897	0.39993558	0.01559649
0.18622453	0.40822730	0.01586265
0.18669009	0.45617516	0.01688074
0.18715565	0.42891999	0.01647873
0.18762122	0.40508795	0.01612241
0.18808678	0.43627134	0.01684474
0.18855234	0.44722615	0.01717086
0.18901790	0.41562820	0.01666618
0.18948346	0.44334511	0.01733098
0.18994902	0.40324626	0.01664258
0.19041458	0.43879785	0.01748099
0.19088014	0.45175693	0.01786080
0.19134571	0.40891061	0.01711175
0.19181127	0.42180482	0.01750192
0.19227683	0.42448637	0.01768197
0.19274239	0.40370572	0.01736680
0.19320795	0.38867346	0.01716284
0.19367351	0.41475836	0.01785770
0.19413907	0.40115062	0.01769032
0.19460464	0.40037279	0.01780294
0.19507020	0.41227344	0.01819930
0.19553576	0.39614519	0.01797286
0.19600132	0.40237612	0.01824992
0.19646688	0.37206821	0.01768231
0.19693244	0.39248068	0.01829989
0.19739800	0.37551397	0.01803824
0.19786356	0.43578473	0.01958350
0.19832913	0.37672915	0.01835162
0.19879469	0.36051972	0.01809520
0.19926025	0.36744797	0.01841497
0.19972581	0.39118388	0.01915463
0.20019137	0.40037235	0.01953725
0.20065693	0.38843038	0.01940327
0.20112249	0.40444127	0.01996520
0.20158805	0.40284225	0.02009476
0.20205362	0.41598937	0.02059536
0.20251918	0.41499165	0.02074943
0.20298474	0.39460259	0.02041135
0.20345030	0.39530092	0.02061149
0.20391586	0.36653937	0.02002673
0.20438142	0.43595468	0.02204078
0.20484698	0.41656366	0.02174494
0.20531255	0.45428563	0.02292185
0.20577811	0.42547853	0.02239496
0.20624367	0.41770733	0.02240449
0.20670923	0.38958375	0.02184996
0.20717479	0.41731788	0.02284025
0.20764035	0.47129764	0.02451889
0.20810591	0.42633495	0.02356059
0.20857147	0.41366639	0.02345136
0.20903704	0.42393810	0.02399408
0.20950260	0.40565695	0.02372595
0.20996816	0.43185268	0.02475072
0.21043372	0.42443499	0.02481360
0.21089928	0.39272672	0.02414272
0.21136484	0.39137035	0.02438307
0.21183040	0.39267910	0.02471543
0.21229597	0.37358049	0.02440069
0.21276153	0.39709395	0.02546999
0.21322709	0.43451599	0.02698199
0.21369265	0.41956881	0.02685865
0.21415821	0.35742032	0.02511961
0.21462377	0.42487954	0.02776085
0.21508933	0.39494527	0.02713865
0.21555489	0.41166749	0.02810375
0.21602046	0.38430942	0.02755260
0.21648602	0.45337210	0.03037734
0.21695158	0.43512935	0.03022118
0.21741714	0.42322440	0.03028015
0.21788270	0.39246151	0.02963770
0.21834826	0.40301381	0.03054184
0.21881382	0.38625982	0.03042251
0.21927939	0.45448888	0.03359570
0.21974495	0.40349172	0.03224564
0.22021051	0.39983087	0.03271961
0.22067607	0.42639905	0.03446681
0.22114163	0.39635171	0.03392251
0.22160719	0.40113431	0.03486635
0.22207275	0.38661696	0.03500315
0.22253831	0.45763024	0.03898127
0.22300388	0.42897741	0.03867368
0.22346944	0.35284070	0.03598341
0.22393500	0.36589460	0.03764220
0.22440056	0.33778085	0.03720759
0.22486612	0.40783634	0.04212907
0.22533168	0.40997091	0.04360509
0.22579724	0.31271367	0.03939664
0.22626281	0.45072481	0.04904556
0.22672837	0.35380006	0.04518285
0.22719393	0.37115426	0.04827416
0.22765949	0.41143399	0.05322018
0.22812505	0.30364641	0.04809230
0.22859061	0.42996742	0.06053295
0.22905617	0.47258823	0.06759624
0.22952173	0.37116310	0.06438185
0.22998730	0.28782003	0.06166530
0.23045286	0.20786400	0.05796513
0.23091842	0.25820807	0.07329151
0.23138398	0.77500954	0.15031520
0.23184954	0.37374688	0.13482627
