0.00646896	89.30647917	4.22386830
0.00693103	79.41478258	0.47174153
0.00739310	68.28219736	0.34197234
0.00785517	54.06818173	0.29187341
0.00831724	44.42042583	0.25588892
0.00877931	36.24447550	0.22369042
0.00924138	30.36374126	0.19818844
0.00970345	25.74733499	0.17783128
0.01016552	21.79164805	0.15972942
0.01062758	19.12295695	0.14590861
0.01108965	16.66777279	0.13307236
0.01155172	14.63491347	0.12182630
0.01201379	12.99097493	0.11235347
0.01247586	11.58354129	0.10398050
0.01293793	10.21923587	0.09579598
0.01340000	9.42415432	0.09034034
0.01386207	8.53174819	0.08442875
0.01432414	7.77036533	0.07921827
0.01478620	7.15943340	0.07481507
0.01524827	6.66359428	0.07098504
0.01571034	6.18364146	0.06733600
0.01617241	5.65927068	0.06345175
0.01663448	5.38895093	0.06102584
0.01709655	5.02502314	0.05809065
0.01755862	4.78846144	0.05692774
0.01802069	4.36807722	0.05509916
0.01848276	4.21018300	0.05422180
0.01894482	4.06078956	0.05323684
0.01940689	3.80483376	0.05138700
0.01986896	3.64334500	0.05011162
0.02033103	3.40249389	0.04825250
0.02079310	3.32784524	0.04752272
0.02125517	3.22375025	0.04655208
0.02171724	3.18626459	0.04606208
0.02217931	3.05704911	0.04488410
0.02264138	2.90831948	0.04355149
0.02310344	2.77686058	0.04232906
0.02356551	2.82396181	0.04244972
0.02402758	2.76951093	0.04180209
0.02448965	2.67122351	0.04083705
0.02495172	2.62093229	0.04023035
0.02541379	2.60025956	0.03985084
0.02587586	2.53845243	0.03915277
0.02633793	2.53521151	0.03891656
0.02680000	2.49087418	0.03835508
0.02726206	2.54277469	0.03854738
0.02772413	2.37270330	0.03702689
0.02818620	2.41496150	0.03714939
0.02864827	2.40828293	0.03690359
0.02911034	2.40567220	0.03668284
0.02957241	2.37171472	0.03622320
0.03003448	2.43117749	0.03648592
0.03049655	2.33909729	0.03560056
0.03095862	2.36457941	0.03560246
0.03142068	2.38360337	0.03556439
0.03188275	2.41000657	0.03557012
0.03234482	2.48789803	0.03595603
0.03280689	2.53717251	0.03612126
0.03326896	2.50890516	0.03574027
0.03373103	2.55020128	0.03585310
0.03419310	2.62845824	0.03622426
0.03465517	2.68851672	0.03645326
0.03511724	2.65827680	0.03606919
0.03557930	2.83412769	0.03706484
0.03604137	2.80989457	0.03753602
0.03650344	2.98623767	0.03929841
0.03696551	3.07695660	0.04016515
0.03742758	3.15773561	0.04079188
0.03788965	3.28230245	0.04161156
0.03835172	3.47515118	0.04294720
0.03881379	3.68691467	0.04445485
0.03927586	3.90444466	0.04594736
0.03973792	4.09219834	0.04722228
0.04019999	4.36878661	0.04884856
0.04066206	4.93270337	0.05183804
0.04112413	5.42585937	0.05429081
0.04158620	6.11144357	0.05753116
0.04204827	7.19542511	0.06232340
0.04251034	8.66000473	0.06825654
0.04297241	10.70496941	0.07575191
0.04343448	13.15316543	0.08381378
0.04389654	16.26093639	0.09301436
0.04435861	20.48641627	0.10419886
0.04482068	25.64475872	0.11635072
0.04528275	32.66565928	0.13104846
0.04574482	43.04585133	0.15012859
0.04620689	61.01665329	0.17836313
0.04666896	91.61656827	0.21809693
0.04713103	140.66009918	0.26966451
0.04759310	211.28719096	0.32978925
0.04805516	297.22979386	0.39030837
0.04851723	390.42392882	0.44634458
0.04897930	469.69145163	0.48848705
0.04944137	507.93754435	0.50686688
0.04990344	480.81409408	0.49205196
0.05036551	400.58766070	0.44813329
0.05082758	295.97885154	0.38433318
0.05128965	201.45732282	0.31637057
0.05175172	129.69896256	0.25327863
0.05221378	82.24475519	0.20123604
0.05267585	53.00583130	0.16119000
0.05313792	35.54037072	0.13169053
0.05359999	24.76264055	0.10967734
0.05406206	18.10432023	0.09356630
0.05452413	13.85091380	0.08165569
0.05498620	11.03670888	0.07272591
0.05544827	9.06446344	0.06575944
0.05591034	7.72646643	0.06057627
0.05637240	6.79626404	0.05668385
0.05683447	6.11005882	0.05362528
0.05729654	5.55166422	0.05100162
0.05775861	4.99871059	0.04828638
0.05822068	4.66759855	0.04655566
0.05868275	4.27022009	0.04442934
0.05914482	4.07418965	0.04330079
0.05960689	3.82191871	0.04184549
0.06006896	3.58619674	0.04044432
0.06053102	3.39042678	0.03923792
0.06099309	3.20612994	0.03807188
0.06145516	3.13824531	0.03758387
0.06191723	2.93125781	0.03624251
0.06237930	2.80253583	0.03535988
0.06284137	2.73733625	0.03486970
0.06330344	2.62092901	0.03404543
0.06376551	2.46990501	0.03297819
0.06422758	2.43669748	0.03268384
0.06468964	2.35408825	0.03205536
0.06515171	2.27484457	0.03144315
0.06561378	2.13543756	0.03039865
0.06607585	2.05632424	0.02976628
0.06653792	1.93785427	0.02883356
0.06699999	1.98194686	0.02909743
0.06746206	1.86366385	0.02815570
0.06792413	1.82419053	0.02779666
0.06838620	1.74949133	0.02716405
0.06884826	1.73436469	0.02698906
0.06931033	1.72244358	0.02683974
0.06977240	1.66263763	0.02631380
0.07023447	1.61189174	0.02585487
0.07069654	1.60265097	0.02572697
0.07115861	1.56534647	0.02537279
0.07162068	1.53471290	0.02507141
0.07208275	1.48174181	0.02458356
0.07254482	1.46602180	0.02440246
0.07300688	1.43208008	0.02406887
0.07346895	1.42441356	0.02395516
0.07393102	1.36062538	0.02336503
0.07439309	1.33659195	0.02311052
0.07485516	1.33800008	0.02307606
0.07531723	1.29140586	0.02262450
0.07577930	1.30899345	0.02273215
0.07624137	1.28297411	0.02246005
0.07670344	1.22375740	0.02189161
0.07716550	1.20995014	0.02172456
0.07762757	1.20160470	0.02160612
0.07808964	1.18019837	0.02137040
0.07855171	1.16840781	0.02122151
0.07901378	1.18904408	0.02136591
0.07947585	1.15192394	0.02098869
0.07993792	1.20638935	0.02143682
0.08039999	1.16212489	0.02099892
0.08086206	1.15923019	0.02093211
0.08132412	1.10022376	0.02035293
0.08178619	1.11218838	0.02042397
0.08224826	1.16460048	0.02085940
0.08271033	1.13753005	0.02057626
0.08317240	1.19870017	0.02108160
0.08363447	1.23432441	0.02135185
0.08409654	1.33334595	0.02214983
0.08455861	1.36156292	0.02234059
0.08502067	1.41045545	0.02269553
0.08548274	1.44973267	0.02296581
0.08594481	1.38885853	0.02243643
0.08640688	1.33253055	0.02193586
0.08686895	1.27385337	0.02140753
0.08733102	1.25048510	0.02117114
0.08779309	1.17312693	0.02046766
0.08825516	1.11540123	0.01992104
0.08871723	1.13322599	0.02004282
0.08917929	1.07498715	0.01948530
0.08964136	1.10074557	0.01968157
0.09010343	1.07177400	0.01938547
0.09056550	1.10163832	0.01961831
0.09102757	1.10082908	0.01957543
0.09148964	1.04280914	0.01901832
0.09195171	1.12295172	0.01970033
0.09241378	1.12315304	0.01966683
0.09287585	1.14857177	0.01985288
0.09333791	1.20017633	0.02025766
0.09379998	1.20857545	0.02029247
0.09426205	1.31574128	0.02113580
0.09472412	1.41223400	0.02185858
0.09518619	1.62148476	0.02338119
0.09564826	1.84521979	0.02489826
0.09611033	2.26389595	0.02753071
0.09657240	2.72294359	0.03014087
0.09703447	3.40527163	0.03364807
0.09749653	4.02854554	0.03653522
0.09795860	4.57154505	0.03885263
0.09842067	4.97058033	0.04044379
0.09888274	5.08288986	0.04082775
0.09934481	4.82163788	0.03969699
0.09980688	4.18573598	0.03692419
0.10026895	3.52876373	0.03384542
0.10073102	2.91209319	0.03069460
0.10119309	2.34720179	0.02751048
0.10165515	1.90925041	0.02477003
0.10211722	1.55840865	0.02234146
0.10257929	1.33079475	0.02061114
0.10304136	1.17344820	0.01932236
0.10350343	1.05300127	0.01827333
0.10396550	0.98551177	0.01764891
0.10442757	0.88820453	0.01672747
0.10488964	0.84250639	0.01626476
0.10535171	0.78702378	0.01569449
0.10581377	0.77763916	0.01557516
0.10627584	0.78629500	0.01563631
0.10673791	0.77340804	0.01548233
0.10719998	0.75886808	0.01531136
0.10766205	0.73839010	0.01507913
0.10812412	0.70715776	0.01473306
0.10858619	0.70997247	0.01473885
0.10904826	0.70135177	0.01462555
0.10951033	0.71238141	0.01471668
0.10997239	0.70487743	0.01461583
0.11043446	0.68210299	0.01435502
0.11089653	0.65456654	0.01404022
0.11135860	0.64792296	0.01394667
0.11182067	0.66004961	0.01405456
0.11228274	0.65499661	0.01397884
0.11274481	0.65234451	0.01392878
0.11320688	0.65050822	0.01388766
0.11366895	0.66381044	0.01400717
0.11413101	0.65543371	0.01389715
0.11459308	0.64252687	0.01373830
0.11505515	0.61334390	0.01340209
0.11551722	0.64940930	0.01376947
0.11597929	0.64153539	0.01366483
0.11644136	0.66734378	0.01391590
0.11690343	0.64843852	0.01369640
0.11736550	0.61532717	0.01332197
0.11782757	0.64788167	0.01364928
0.11828963	0.63442463	0.01348646
0.11875170	0.65711157	0.01370500
0.11921377	0.65947395	0.01370893
0.11967584	0.63171021	0.01339728
0.12013791	0.64210836	0.01348707
0.12059998	0.63433853	0.01338534
0.12106205	0.64900236	0.01351924
0.12152412	0.68486082	0.01386708
0.12198619	0.67467144	0.01374335
0.12244825	0.64811195	0.01345042
0.12291032	0.67251277	0.01368125
0.12337239	0.68734204	0.01381119
0.12383446	0.68759602	0.01379364
0.12429653	0.70220017	0.01391926
0.12475860	0.71889293	0.01406323
0.12522067	0.74492023	0.01429493
0.12568274	0.75839411	0.01440297
0.12614481	0.80246235	0.01479426
0.12660687	0.87043729	0.01538621
0.12706894	0.91736199	0.01577281
0.12753101	1.02072421	0.01661407
0.12799308	1.15952452	0.01768265
0.12845515	1.30692995	0.01874644
0.12891722	1.53978466	0.02031949
0.12937929	1.67051075	0.02113449
0.12984136	1.82313716	0.02204796
0.13030343	1.94269052	0.02272763
0.13076549	1.90918140	0.02249935
0.13122756	1.86084080	0.02218191
0.13168963	1.81134314	0.02185449
0.13215170	1.65207464	0.02084286
0.13261377	1.45272105	0.01951774
0.13307584	1.30864789	0.01849916
0.13353791	1.14424938	0.01727455
0.13399998	1.04178824	0.01646040
0.13446205	0.93525356	0.01557490
0.13492411	0.86038604	0.01491801
0.13538618	0.81680149	0.01451553
0.13584825	0.72682726	0.01367425
0.13631032	0.70098244	0.01341078
0.13677239	0.67967578	0.01318768
0.13723446	0.63840738	0.01276374
0.13769653	0.63700009	0.01273260
0.13815860	0.62559565	0.01260128
0.13862067	0.59155171	0.01223727
0.13908273	0.58507500	0.01215398
0.13954480	0.59217053	0.01221111
0.14000687	0.59124126	0.01218542
0.14046894	0.56418145	0.01188762
0.14093101	0.56854438	0.01191779
0.14139308	0.55735305	0.01178448
0.14185515	0.55150721	0.01170714
0.14231722	0.56147370	0.01179710
0.14277929	0.55737496	0.01173853
0.14324135	0.55697927	0.01171912
0.14370342	0.55069613	0.01163777
0.14416549	0.52479741	0.01134611
0.14462756	0.55854178	0.01169018
0.14508963	0.53066424	0.01137994
0.14555170	0.54139439	0.01147967
0.14601377	0.52184762	0.01125614
0.14647584	0.52741507	0.01130157
0.14693791	0.51703367	0.01117559
0.14739997	0.51651958	0.01115573
0.14786204	0.52974853	0.01128339
0.14832411	0.52915161	0.01126280
0.14878618	0.52129120	0.01116473
0.14924825	0.50696581	0.01099645
0.14971032	0.49815340	0.01088778
0.15017239	0.50121999	0.01090648
0.15063446	0.50165873	0.01089765
0.15109653	0.52139861	0.01109614
0.15155859	0.51140688	0.01097569
0.15202066	0.50901351	0.01093638
0.15248273	0.51096195	0.01094381
0.15294480	0.50888578	0.01090797
0.15340687	0.49783477	0.01077560
0.15386894	0.48592962	0.01063294
0.15433101	0.48865195	0.01064960
0.15479308	0.50752581	0.01084012
0.15525515	0.48858514	0.01062285
0.15571721	0.50693574	0.01080735
0.15617928	0.50702058	0.01079517
0.15664135	0.50662371	0.01077786
0.15710342	0.49981520	0.01069232
0.15756549	0.46835713	0.01033780
0.15802756	0.46969360	0.01034010
0.15848963	0.49383614	0.01058983
0.15895170	0.50231389	0.01066755
0.15941377	0.48545877	0.01047458
0.15987583	0.51533366	0.01078015
0.16033790	0.48709625	0.01051441
0.16079997	0.49003433	0.01087455
0.16126204	0.49309124	0.01111271
0.16172411	0.49907219	0.01127864
0.16218618	0.51211164	0.01148251
0.16264825	0.50488780	0.01145029
0.16311032	0.50255602	0.01146689
0.16357239	0.51435378	0.01164013
0.16403445	0.50525018	0.01157245
0.16449652	0.49708272	0.01151127
0.16495859	0.50148767	0.01159290
0.16542066	0.51862937	0.01181846
0.16588273	0.54951833	0.01224821
0.16634480	0.54618552	0.01273033
0.16680687	0.52979793	0.01289524
0.16726894	0.54064422	0.01331597
0.16773101	0.53674216	0.01352671
0.16819307	0.57071405	0.01419826
0.16865514	0.56398388	0.01435247
0.16911721	0.57645683	0.01474434
0.16957928	0.59959612	0.01527162
0.17004135	0.59070713	0.01534821
0.17050342	0.62939754	0.01597625
0.17096549	0.61389857	0.01590696
0.17142756	0.62383236	0.01616270
0.17188963	0.61372305	0.01615600
0.17235169	0.62125773	0.01637899
0.17281376	0.63409375	0.01667154
0.17327583	0.61668459	0.01656261
0.17373790	0.64839176	0.01710689
0.17419997	0.60441095	0.01663547
0.17466204	0.60849943	0.01681053
0.17512411	0.66522083	0.01770054
0.17558618	0.64870915	0.01760168
0.17604825	0.63436783	0.01752675
0.17651031	0.67022652	0.01813939
0.17697238	0.65624827	0.01807416
0.17743445	0.66059774	0.01825781
0.17789652	0.66996274	0.01850883
0.17835859	0.70021931	0.01904984
0.17882066	0.69756267	0.01914152
0.17928273	0.65522878	0.01867598
0.17974480	0.65879435	0.01885707
0.18020687	0.63422178	0.01862056
0.18066893	0.58766506	0.01804360
0.18113100	0.61768615	0.01862197
0.18159307	0.57559375	0.01809598
0.18205514	0.52262854	0.01735812
0.18251721	0.54058872	0.01777146
0.18297928	0.52961566	0.01770743
0.18344135	0.54238258	0.01803919
0.18390342	0.48297763	0.01713647
0.18436549	0.47640563	0.01713346
0.18482755	0.48226531	0.01735422
0.18528962	0.47689684	0.01737350
0.18575169	0.49731218	0.01786122
0.18621376	0.47606977	0.01759392
0.18667583	0.50060064	0.01816412
0.18713790	0.47673694	0.01784680
0.18759997	0.43587862	0.01718179
0.18806204	0.47972701	0.01814933
0.18852411	0.47267273	0.01813993
0.18898617	0.48516805	0.01850581
0.18944824	0.48350221	0.01860304
0.18991031	0.49811674	0.01901472
0.19037238	0.46261828	0.01845410
0.19083445	0.48533159	0.01903604
0.19129652	0.48438345	0.01915347
0.19175859	0.52668348	0.02011610
0.19222066	0.46081204	0.01895258
0.19268273	0.48680707	0.01962207
0.19314479	0.49134649	0.01985839
0.19360686	0.52412511	0.02066215
0.19406893	0.51870514	0.02070866
0.19453100	0.47236024	0.01991079
0.19499307	0.49612333	0.02056054
0.19545514	0.50133116	0.02082662
0.19591721	0.50817956	0.02113059
0.19637928	0.52656371	0.02167735
0.19684135	0.51260990	0.02155680
0.19730341	0.52380613	0.02196441
0.19776548	0.49188971	0.02145589
0.19822755	0.48107569	0.02139114
0.19868962	0.50394235	0.02207342
0.19915169	0.51091864	0.02241021
0.19961376	0.47962597	0.02189539
0.20007583	0.48975186	0.02231323
0.20053790	0.49116282	0.02253740
0.20099997	0.45736771	0.02193741
0.20146203	0.49907464	0.02311766
0.20192410	0.49505908	0.02322986
0.20238617	0.48718049	0.02325255
0.20284824	0.48774423	0.02347910
0.20331031	0.51237054	0.02428799
0.20377238	0.50430933	0.02432308
0.20423445	0.42827844	0.02262885
0.20469652	0.41094273	0.02238105
0.20515859	0.47899245	0.02440101
0.20562065	0.52653021	0.02583896
0.20608272	0.47554758	0.02480555
0.20654479	0.50842627	0.02591349
0.20700686	0.47987758	0.02543969
0.20746893	0.49573871	0.02613277
0.20793100	0.50568450	0.02668040
0.20839307	0.46716815	0.02592790
0.20885514	0.46162923	0.02606417
0.20931721	0.48056801	0.02689885
0.20977927	0.51813839	0.02825757
0.21024134	0.51875107	0.02861200
0.21070341	0.45270471	0.02705448
0.21116548	0.46403935	0.02773213
0.21162755	0.47936627	0.02854502
0.21208962	0.42307467	0.02716556
0.21255169	0.46011488	0.02870687
0.21301376	0.41108794	0.02750417
0.21347583	0.50513546	0.03091411
0.21393789	0.57538551	0.03346611
0.21439996	0.49018259	0.03134279
0.21486203	0.46645671	0.03103605
0.21532410	0.53531728	0.03376354
0.21578617	0.56815147	0.03533837
0.21624824	0.51169840	0.03408759
0.21671031	0.51055088	0.03462579
0.21717238	0.50309946	0.03497266
0.21763445	0.46626642	0.03427577
0.21809651	0.53263973	0.03731814
0.21855858	0.46684799	0.03561301
0.21902065	0.49543156	0.03742288
0.21948272	0.57878752	0.04129153
0.21994479	0.53856072	0.04069436
0.22040686	0.56217641	0.04251671
0.22086893	0.52469065	0.04204441
0.22133100	0.55616433	0.04435670
0.22179307	0.57491145	0.04626729
0.22225513	0.42146227	0.04069473
0.22271720	0.48540573	0.04492930
0.22317927	0.57108627	0.05021740
0.22364134	0.51174298	0.04907409
0.22410341	0.43274226	0.04668392
0.22456548	0.56349114	0.05524024
0.22502755	0.48311791	0.05318516
0.22548962	0.57141657	0.06033707
0.22595169	0.50793405	0.05956640
0.22641375	0.41549835	0.05666941
0.22687582	0.52445373	0.06734438
0.22733789	0.45780294	0.06701856
0.22779996	0.35003319	0.06298128
0.22826203	0.48403253	0.08055536
0.22872410	0.51999136	0.09235344
0.22918617	0.43520276	0.09585030
0.22964824	0.63032014	0.13655571
0.23011031	0.46168302	0.15095188
