0.00646896	158.15449097	5.62094905
0.00693103	149.60665593	0.64748378
0.00739310	165.61665701	0.53258539
0.00785517	153.46369706	0.49172974
0.00831724	139.97801673	0.45424488
0.00877931	128.10470773	0.42054166
0.00924138	119.13987006	0.39258096
0.00970345	111.41290175	0.36992165
0.01016552	105.27663287	0.35107982
0.01062758	99.73887469	0.33322351
0.01108965	95.08032789	0.31782966
0.01155172	91.62790065	0.30483151
0.01201379	88.57139101	0.29336774
0.01247586	86.82982294	0.28468573
0.01293793	85.94836066	0.27781575
0.01340000	86.02304488	0.27294047
0.01386207	88.63592776	0.27212989
0.01432414	95.02816938	0.27703255
0.01478620	104.16366924	0.28536971
0.01524827	115.74015985	0.29583846
0.01571034	127.38231518	0.30561856
0.01617241	139.60441072	0.31514683
0.01663448	148.52524683	0.32037732
0.01709655	153.42411043	0.32098449
0.01755862	149.80096061	0.31840747
0.01802069	144.96343731	0.31741620
0.01848276	138.37228375	0.31084794
0.01894482	132.51915086	0.30412093
0.01940689	127.32318933	0.29726186
0.01986896	123.33696956	0.29156468
0.02033103	118.33143735	0.28455828
0.02079310	112.38924495	0.27617358
0.02125517	104.05460174	0.26447769
0.02171724	95.36118880	0.25199300
0.02217931	87.09009967	0.23956630
0.02264138	82.36130245	0.23176270
0.02310344	79.80113191	0.22691653
0.02356551	78.73446279	0.22414439
0.02402758	78.72070692	0.22286453
0.02448965	79.66098201	0.22300882
0.02495172	79.51580448	0.22159127
0.02541379	79.39744159	0.22020763
0.02587586	78.16311634	0.21725956
0.02633793	77.01526704	0.21449429
0.02680000	75.90982232	0.21173661
0.02726206	73.58714410	0.20736810
0.02772413	72.33216522	0.20443784
0.02818620	70.04797215	0.20007571
0.02864827	68.08543961	0.19621939
0.02911034	65.19029291	0.19095729
0.02957241	63.11423837	0.18686128
0.03003448	59.53853961	0.18055773
0.03049655	56.70554525	0.17528530
0.03095862	53.40291915	0.16919422
0.03142068	50.78203115	0.16415473
0.03188275	48.17001244	0.15902469
0.03234482	46.20055055	0.15494551
0.03280689	43.89219422	0.15023861
0.03326896	41.41385280	0.14520732
0.03373103	39.02914328	0.14026006
0.03419310	36.91915145	0.13576094
0.03465517	34.13934580	0.12989953
0.03511724	31.17712399	0.12352486
0.03557930	28.04793666	0.11660118
0.03604137	25.08011068	0.11214191
0.03650344	22.24721006	0.10726317
0.03696551	19.57762686	0.10131384
0.03742758	17.67490593	0.09650825
0.03788965	16.29129152	0.09270484
0.03835172	15.42023550	0.09046770
0.03881379	14.27302921	0.08746730
0.03927586	13.67058493	0.08597546
0.03973792	13.15869665	0.08467887
0.04019999	12.82007076	0.08367902
0.04066206	12.35151138	0.08202876
0.04112413	12.08401292	0.08102102
0.04158620	11.82601512	0.08002956
0.04204827	11.66653983	0.07935859
0.04251034	11.34262886	0.07811637
0.04297241	11.23802545	0.07761504
0.04343448	10.90870350	0.07632852
0.04389654	10.85467469	0.07599511
0.04435861	10.77971520	0.07558465
0.04482068	10.49863627	0.07444512
0.04528275	10.27080188	0.07348325
0.04574482	9.97331396	0.07226325
0.04620689	9.85500336	0.07168186
0.04666896	9.56362345	0.07046505
0.04713103	9.39668565	0.06969886
0.04759310	9.13545471	0.06857487
0.04805516	8.91987215	0.06761468
0.04851723	8.77267604	0.06690647
0.04897930	8.59370835	0.06607498
0.04944137	8.47955848	0.06549006
0.04990344	8.18555129	0.06420167
0.05036551	7.97296175	0.06322201
0.05082758	7.67343168	0.06188314
0.05128965	7.53202276	0.06117308
0.05175172	7.33391793	0.06022798
0.05221378	7.00396326	0.05872508
0.05267585	6.68402645	0.05723944
0.05313792	6.51522802	0.05638432
0.05359999	6.29123917	0.05528235
0.05406206	5.93197362	0.05355845
0.05452413	5.74925620	0.05260815
0.05498620	5.48109842	0.05125110
0.05544827	5.15788658	0.04960471
0.05591034	5.03437464	0.04889729
0.05637240	4.82003767	0.04773637
0.05683447	4.58534936	0.04645506
0.05729654	4.42104400	0.04551293
0.05775861	4.22548648	0.04439500
0.05822068	4.06832142	0.04346437
0.05868275	3.87769309	0.04233810
0.05914482	3.74935688	0.04153877
0.05960689	3.54432751	0.04029720
0.06006896	3.45021306	0.03967011
0.06053102	3.26273031	0.03849191
0.06099309	3.15753727	0.03778226
0.06145516	2.96135902	0.03650931
0.06191723	2.81552918	0.03551986
0.06237930	2.71564466	0.03480741
0.06284137	2.59722150	0.03396555
0.06330344	2.48489377	0.03315012
0.06376551	2.34176374	0.03211133
0.06422758	2.35751355	0.03214840
0.06468964	2.23101652	0.03120618
0.06515171	2.11304505	0.03030432
0.06561378	2.04315528	0.02973456
0.06607585	1.97397977	0.02916420
0.06653792	1.85511066	0.02821127
0.06699999	1.85297428	0.02813477
0.06746206	1.72950709	0.02712338
0.06792413	1.64709914	0.02641298
0.06838620	1.65787819	0.02644325
0.06884826	1.60173721	0.02593661
0.06931033	1.45986710	0.02470942
0.06977240	1.47072227	0.02474857
0.07023447	1.41823655	0.02425207
0.07069654	1.31060766	0.02326513
0.07115861	1.27716194	0.02291849
0.07162068	1.22085805	0.02236133
0.07208275	1.17182440	0.02186200
0.07254482	1.15964134	0.02170327
0.07300688	1.13846083	0.02146006
0.07346895	1.10503062	0.02109930
0.07393102	1.05492621	0.02057349
0.07439309	0.99474133	0.01993726
0.07485516	1.00066741	0.01995623
0.07531723	0.98052796	0.01971413
0.07577930	0.92273180	0.01908576
0.07624137	0.91309757	0.01894787
0.07670344	0.87388739	0.01849941
0.07716550	0.83291188	0.01802465
0.07762757	0.83681505	0.01803062
0.07808964	0.82321879	0.01784813
0.07855171	0.81439238	0.01771723
0.07901378	0.75413661	0.01701561
0.07947585	0.73195519	0.01673076
0.07993792	0.72843316	0.01665756
0.08039999	0.69664711	0.01625837
0.08086206	0.67352080	0.01595525
0.08132412	0.70524782	0.01629511
0.08178619	0.68026964	0.01597319
0.08224826	0.68939726	0.01604901
0.08271033	0.61634266	0.01514594
0.08317240	0.59482529	0.01485056
0.08363447	0.60453909	0.01494284
0.08409654	0.59569982	0.01480515
0.08455861	0.57765407	0.01455156
0.08502067	0.56653062	0.01438376
0.08548274	0.55531544	0.01421372
0.08594481	0.56011808	0.01424835
0.08640688	0.55030564	0.01409672
0.08686895	0.51007034	0.01354634
0.08733102	0.51221323	0.01354972
0.08779309	0.50868322	0.01347781
0.08825516	0.53089389	0.01374360
0.08871723	0.50625179	0.01339627
0.08917929	0.47515957	0.01295463
0.08964136	0.48026577	0.01300041
0.09010343	0.47947935	0.01296611
0.09056550	0.48380500	0.01300102
0.09102757	0.48917656	0.01304921
0.09148964	0.48047224	0.01290933
0.09195171	0.49966214	0.01314108
0.09241378	0.44732897	0.01241162
0.09287585	0.43970729	0.01228362
0.09333791	0.46058018	0.01254930
0.09379998	0.45123183	0.01239932
0.09426205	0.42574403	0.01202286
0.09472412	0.43030318	0.01206579
0.09518619	0.46073375	0.01246336
0.09564826	0.46285679	0.01247005
0.09611033	0.44028751	0.01214108
0.09657240	0.41870830	0.01181931
0.09703447	0.42373229	0.01186943
0.09749653	0.42267779	0.01183429
0.09795860	0.41725021	0.01173781
0.09842067	0.41160499	0.01163828
0.09888274	0.41430677	0.01165631
0.09934481	0.42847538	0.01183377
0.09980688	0.42902227	0.01182129
0.10026895	0.40674709	0.01149082
0.10073102	0.43400524	0.01184968
0.10119309	0.41212665	0.01152758
0.10165515	0.40862517	0.01145929
0.10211722	0.42796103	0.01170774
0.10257929	0.41355373	0.01148980
0.10304136	0.43611882	0.01177960
0.10350343	0.41136801	0.01142138
0.10396550	0.40934050	0.01137442
0.10442757	0.41662182	0.01145631
0.10488964	0.42751391	0.01158607
0.10535171	0.43675535	0.01169156
0.10581377	0.42071130	0.01145607
0.10627584	0.42317051	0.01147094
0.10673791	0.43288313	0.01158290
0.10719998	0.41632937	0.01134094
0.10766205	0.42486726	0.01143826
0.10812412	0.42929152	0.01147918
0.10858619	0.41529250	0.01127249
0.10904826	0.42834377	0.01142985
0.10951033	0.41357500	0.01121323
0.10997239	0.42015824	0.01128426
0.11043446	0.38959437	0.01084889
0.11089653	0.38620970	0.01078471
0.11135860	0.38593936	0.01076387
0.11182067	0.39481589	0.01086992
0.11228274	0.40055725	0.01093161
0.11274481	0.40035741	0.01091185
0.11320688	0.40590696	0.01097023
0.11366895	0.40503490	0.01094144
0.11413101	0.40617638	0.01094004
0.11459308	0.42316345	0.01114914
0.11505515	0.38728071	0.01064961
0.11551722	0.40289216	0.01084557
0.11597929	0.38864256	0.01063578
0.11644136	0.40059974	0.01078181
0.11690343	0.38879283	0.01060550
0.11736550	0.39285560	0.01064466
0.11782757	0.38648284	0.01054210
0.11828963	0.38115000	0.01045336
0.11875170	0.39273013	0.01059514
0.11921377	0.39077389	0.01055280
0.11967584	0.38584450	0.01047041
0.12013791	0.40121349	0.01066108
0.12059998	0.40399706	0.01068213
0.12106205	0.38707342	0.01044061
0.12152412	0.40381089	0.01064812
0.12198619	0.35274925	0.00993755
0.12244825	0.38388357	0.01035167
0.12291032	0.37507722	0.01021730
0.12337239	0.36892068	0.01011839
0.12383446	0.37260984	0.01015405
0.12429653	0.36536104	0.01004030
0.12475860	0.37236117	0.01012127
0.12522067	0.37248429	0.01010837
0.12568274	0.35578450	0.00986502
0.12614481	0.35242271	0.00980422
0.12660687	0.36718009	0.00999315
0.12706894	0.35949222	0.00987378
0.12753101	0.36558945	0.00994303
0.12799308	0.34128832	0.00959330
0.12845515	0.34187747	0.00958800
0.12891722	0.36380026	0.00987675
0.12937929	0.34097565	0.00954836
0.12984136	0.34171097	0.00954527
0.13030343	0.33042952	0.00937329
0.13076549	0.35805704	0.00974367
0.13122756	0.35416385	0.00967713
0.13168963	0.35099712	0.00962038
0.13215170	0.34531836	0.00952911
0.13261377	0.32758467	0.00926830
0.13307584	0.33082289	0.00930119
0.13353791	0.32742319	0.00924062
0.13399998	0.33794322	0.00937503
0.13446205	0.33682853	0.00934684
0.13492411	0.34346125	0.00942547
0.13538618	0.32245914	0.00912036
0.13584825	0.33010158	0.00921535
0.13631032	0.34099171	0.00935346
0.13677239	0.32590339	0.00913192
0.13723446	0.32464595	0.00910194
0.13769653	0.29645218	0.00868610
0.13815860	0.30430021	0.00878859
0.13862067	0.29321209	0.00861547
0.13908273	0.29580531	0.00864203
0.13954480	0.30492109	0.00876245
0.14000687	0.29153008	0.00855657
0.14046894	0.30682123	0.00876654
0.14093101	0.29257750	0.00854937
0.14139308	0.31749637	0.00889436
0.14185515	0.31218465	0.00880807
0.14231722	0.31294595	0.00880735
0.14277929	0.30032448	0.00861659
0.14324135	0.31979582	0.00887998
0.14370342	0.32657583	0.00896202
0.14416549	0.28842678	0.00841141
0.14462756	0.30694131	0.00866605
0.14508963	0.30265712	0.00859420
0.14555170	0.29483821	0.00847158
0.14601377	0.28260978	0.00828345
0.14647584	0.30382567	0.00857777
0.14693791	0.28906091	0.00835614
0.14739997	0.30262169	0.00853896
0.14786204	0.28168197	0.00822781
0.14832411	0.28599296	0.00828007
0.14878618	0.26173219	0.00791109
0.14924825	0.28488541	0.00824325
0.14971032	0.27511937	0.00809130
0.15017239	0.27522606	0.00808193
0.15063446	0.26382953	0.00790297
0.15109653	0.25774625	0.00780159
0.15155859	0.27202760	0.00800489
0.15202066	0.25952036	0.00780899
0.15248273	0.27448139	0.00802104
0.15294480	0.25498994	0.00772138
0.15340687	0.26507376	0.00786289
0.15386894	0.25625193	0.00772148
0.15433101	0.26038237	0.00777391
0.15479308	0.25762068	0.00772316
0.15525515	0.27748361	0.00800552
0.15571721	0.25912631	0.00772678
0.15617928	0.27180764	0.00790401
0.15664135	0.26180993	0.00774788
0.15710342	0.26180273	0.00773846
0.15756549	0.25626941	0.00764694
0.15802756	0.27878794	0.00796626
0.15848963	0.26247234	0.00772039
0.15895170	0.25829618	0.00764955
0.15941377	0.25945816	0.00765762
0.15987583	0.25541695	0.00758937
0.16033790	0.26023495	0.00768529
0.16079997	0.23909899	0.00759603
0.16126204	0.26732524	0.00818232
0.16172411	0.25250747	0.00802255
0.16218618	0.25777622	0.00814659
0.16264825	0.24913913	0.00804340
0.16311032	0.24508053	0.00800770
0.16357239	0.24550935	0.00804194
0.16403445	0.24256384	0.00801835
0.16449652	0.24134192	0.00802094
0.16495859	0.25488776	0.00826488
0.16542066	0.23199068	0.00790438
0.16588273	0.25229735	0.00829923
0.16634480	0.24265684	0.00848527
0.16680687	0.24423470	0.00875544
0.16726894	0.23685959	0.00881379
0.16773101	0.26608026	0.00952392
0.16819307	0.30032170	0.01029957
0.16865514	0.27577195	0.01003618
0.16911721	0.23986887	0.00951106
0.16957928	0.24914054	0.00984414
0.17004135	0.24585837	0.00990180
0.17050342	0.25436713	0.01015647
0.17096549	0.24120640	0.00997087
0.17142756	0.23084219	0.00983190
0.17188963	0.23554109	0.01000878
0.17235169	0.23072886	0.00998165
0.17281376	0.24507274	0.01036445
0.17327583	0.21983861	0.00988893
0.17373790	0.29593577	0.01155716
0.17419997	0.21150935	0.00984087
0.17466204	0.22164983	0.01014577
0.17512411	0.22968354	0.01040084
0.17558618	0.24164250	0.01074276
0.17604825	0.25037931	0.01101109
0.17651031	0.22258916	0.01045355
0.17697238	0.21216232	0.01027681
0.17743445	0.24703410	0.01116500
0.17789652	0.24087445	0.01109811
0.17835859	0.25338834	0.01145955
0.17882066	0.24724593	0.01139592
0.17928273	0.23942848	0.01128950
0.17974480	0.24951936	0.01160517
0.18020687	0.24785427	0.01164046
0.18066893	0.25211742	0.01181842
0.18113100	0.24113830	0.01163523
0.18159307	0.23756413	0.01162557
0.18205514	0.22379031	0.01135865
0.18251721	0.24758875	0.01202694
0.18297928	0.24131681	0.01195278
0.18344135	0.24672636	0.01216668
0.18390342	0.24291450	0.01215303
0.18436549	0.24853696	0.01237520
0.18482755	0.21489643	0.01158449
0.18528962	0.24756878	0.01251766
0.18575169	0.22261657	0.01195020
0.18621376	0.23579205	0.01238203
0.18667583	0.23074142	0.01233194
0.18713790	0.24216756	0.01271976
0.18759997	0.22202447	0.01226270
0.18806204	0.23805100	0.01278493
0.18852411	0.22717962	0.01257593
0.18898617	0.22997566	0.01274099
0.18944824	0.23538076	0.01297987
0.18991031	0.23777907	0.01313745
0.19037238	0.22952953	0.01299873
0.19083445	0.22371924	0.01292436
0.19129652	0.21887940	0.01287524
0.19175859	0.23891188	0.01354839
0.19222066	0.24952790	0.01394652
0.19268273	0.19350594	0.01237125
0.19314479	0.25056639	0.01418115
0.19360686	0.24746002	0.01419746
0.19406893	0.24305633	0.01417572
0.19453100	0.23198541	0.01395347
0.19499307	0.26177364	0.01493491
0.19545514	0.23414356	0.01423304
0.19591721	0.21977384	0.01389604
0.19637928	0.26285037	0.01531564
0.19684135	0.22039667	0.01413492
0.19730341	0.23555592	0.01472927
0.19776548	0.20407217	0.01381989
0.19822755	0.21774905	0.01439148
0.19868962	0.21246377	0.01433249
0.19915169	0.22749531	0.01495396
0.19961376	0.22160361	0.01488297
0.20007583	0.24098250	0.01565191
0.20053790	0.24075929	0.01577911
0.20099997	0.24918588	0.01619252
0.20146203	0.22013189	0.01535333
0.20192410	0.24494812	0.01634012
0.20238617	0.21814267	0.01555951
0.20284824	0.22539418	0.01596088
0.20331031	0.22796202	0.01620059
0.20377238	0.18400309	0.01469206
0.20423445	0.19808259	0.01538943
0.20469652	0.22884152	0.01670157
0.20515859	0.21432414	0.01632221
0.20562065	0.20619176	0.01616959
0.20608272	0.21092165	0.01652009
0.20654479	0.21589127	0.01688611
0.20700686	0.19328509	0.01614529
0.20746893	0.22998109	0.01779939
0.20793100	0.15981973	0.01499919
0.20839307	0.19616008	0.01680103
0.20885514	0.25225484	0.01926713
0.20931721	0.21028962	0.01779365
0.20977927	0.18115214	0.01670835
0.21024134	0.19357654	0.01747814
0.21070341	0.19830639	0.01790606
0.21116548	0.23431020	0.01970613
0.21162755	0.26418473	0.02119095
0.21208962	0.22218667	0.01968653
0.21255169	0.24067784	0.02076207
0.21301376	0.22348766	0.02027953
0.21347583	0.22729895	0.02073727
0.21393789	0.22794682	0.02106408
0.21439996	0.23913104	0.02189156
0.21486203	0.23084952	0.02183359
0.21532410	0.19398788	0.02032496
0.21578617	0.21138402	0.02155512
0.21624824	0.22026534	0.02236466
0.21671031	0.21784460	0.02261797
0.21717238	0.18999586	0.02149185
0.21763445	0.22432617	0.02377443
0.21809651	0.16695272	0.02089296
0.21855858	0.18002735	0.02211516
0.21902065	0.19608730	0.02354345
0.21948272	0.30328961	0.02989029
0.21994479	0.26638192	0.02861997
0.22040686	0.20840558	0.02588678
0.22086893	0.16003088	0.02321980
0.22133100	0.22878018	0.02844899
0.22179307	0.22423986	0.02889548
0.22225513	0.17184064	0.02598494
0.22271720	0.18599823	0.02781196
0.22317927	0.21908901	0.03110381
0.22364134	0.25628926	0.03472894
0.22410341	0.22963786	0.03400747
0.22456548	0.20499955	0.03331873
0.22502755	0.23610718	0.03718078
0.22548962	0.21701531	0.03718373
0.22595169	0.24399644	0.04128473
0.22641375	0.28928569	0.04728545
0.22687582	0.10749311	0.03048864
0.22733789	0.25327085	0.04984808
0.22779996	0.26025930	0.05430752
0.22826203	0.38669585	0.07200156
0.22872410	0.43760624	0.08472211
0.22918617	0.42416178	0.09462664
0.22964824	0.51978241	0.12400524
0.23011031	0.17901502	0.09399642
