   q      I      error
0.000332, 21272870.836568, 563.431338
0.000996, 2007415.526153, 101.015727
0.001659, 12220.187878, 6.119863
0.002323, 331.921108, 0.852286
0.002987, 79.233163, 0.367566
0.003651, 34.254588, 0.218548
0.004314, 18.414811, 0.147481
0.004978, 11.249094, 0.107281
0.005642, 7.319772, 0.081323
0.006306, 5.030100, 0.063771
0.006969, 3.630156, 0.051504
0.007633, 2.727525, 0.042669
0.008297, 2.147504, 0.036311
0.008961, 1.722778, 0.031302
0.009625, 1.394557, 0.027171
0.010288, 1.129425, 0.023655
0.010952, 0.936659, 0.020876
0.011616, 0.771864, 0.018409
0.012280, 0.681212, 0.016814
0.012943, 0.620039, 0.015631
0.013607, 0.509843, 0.013826
0.014271, 0.450423, 0.012683
0.014935, 0.425748, 0.012068
0.015598, 0.360835, 0.010859
0.016262, 0.333844, 0.010230
0.016926, 0.296636, 0.009452
0.017590, 0.282156, 0.009043
0.018253, 0.267686, 0.008647
0.018917, 0.234330, 0.007947
0.019581, 0.232037, 0.007773
0.020245, 0.213120, 0.007325
0.020908, 0.204500, 0.007063
0.021572, 0.190040, 0.006701
0.022236, 0.168000, 0.006206
0.022900, 0.171951, 0.006186
0.023563, 0.154803, 0.005787
0.024227, 0.163557, 0.005867
0.024891, 0.148139, 0.005508
0.025555, 0.142729, 0.005336
0.026219, 0.143173, 0.005276
0.026882, 0.150274, 0.005338
0.027546, 0.136387, 0.005024
0.028210, 0.133655, 0.004915
0.028874, 0.130906, 0.004807
0.029537, 0.132133, 0.004775
0.030201, 0.134257, 0.004760
0.030865, 0.126420, 0.004569
0.031529, 0.129759, 0.004590
0.032192, 0.122994, 0.004536
0.032856, 0.115829, 0.004429
0.033520, 0.121610, 0.004545
0.034184, 0.124041, 0.004589
0.034847, 0.114553, 0.004404
0.035511, 0.119813, 0.004494
0.036175, 0.123982, 0.004559
0.036839, 0.121452, 0.004501
0.037502, 0.119125, 0.004356
0.038166, 0.112277, 0.004128
0.038830, 0.112940, 0.004176
0.039494, 0.106482, 0.004069
0.040157, 0.106101, 0.004059
0.040821, 0.108548, 0.004097
0.041485, 0.117909, 0.004260
0.042149, 0.119894, 0.004281
0.042813, 0.109972, 0.004104
0.043476, 0.111636, 0.004239
0.044140, 0.103899, 0.004148
0.044804, 0.109247, 0.004295
0.045468, 0.115817, 0.004456
0.046131, 0.110768, 0.004386
0.046795, 0.109790, 0.004390
0.047459, 0.124157, 0.004692
0.048123, 0.123358, 0.004696
0.048786, 0.117576, 0.004478
0.049450, 0.124272, 0.004507
0.050114, 0.125677, 0.004468
0.050778, 0.124766, 0.004394
0.051441, 0.133181, 0.004489
0.052105, 0.133414, 0.004446
0.052769, 0.132555, 0.004389
0.053433, 0.148320, 0.004602
0.054096, 0.137437, 0.004402
0.054760, 0.143433, 0.004472
0.055424, 0.161381, 0.004719
0.056088, 0.154329, 0.004591
0.056751, 0.168111, 0.004768
0.057415, 0.168986, 0.004757
0.058079, 0.181917, 0.004903
0.058743, 0.191925, 0.004999
0.059407, 0.201190, 0.005082
0.060070, 0.221940, 0.005301
0.060734, 0.238391, 0.005456
0.061398, 0.256153, 0.005618
0.062062, 0.283936, 0.005881
0.062725, 0.313722, 0.006157
0.063389, 0.363216, 0.006600
0.064053, 0.408583, 0.006973
0.064717, 0.635315, 0.008662
0.065380, 1.215454, 0.011935
0.066044, 1.071341, 0.011164
0.066708, 0.623165, 0.008483
0.067372, 0.548149, 0.007927
0.068035, 0.625009, 0.008433
0.068699, 0.739939, 0.009142
0.069363, 0.970555, 0.010432
0.070027, 1.409566, 0.012528
0.070690, 2.197369, 0.015586
0.071354, 3.249287, 0.018885
0.072018, 3.667832, 0.019995
0.072682, 3.188577, 0.018578
0.073345, 2.734539, 0.017145
0.074009, 3.235751, 0.018585
0.074673, 3.963378, 0.020500
0.075337, 4.180071, 0.020985
0.076001, 3.793419, 0.019923
0.076664, 3.254734, 0.018390
0.077328, 3.217234, 0.018222
0.077992, 4.103265, 0.020510
0.078656, 5.027283, 0.022631
0.079319, 4.458053, 0.021240
0.079983, 2.996490, 0.017359
0.080647, 1.861344, 0.013635
0.081311, 1.259436, 0.011180
0.081974, 0.969914, 0.009781
0.082638, 0.783544, 0.008763
0.083302, 0.683127, 0.008156
0.083966, 0.607694, 0.007669
0.084629, 0.560502, 0.007342
0.085293, 0.498581, 0.006903
0.085957, 0.441607, 0.006477
0.086621, 0.380143, 0.005991
0.087284, 0.342750, 0.005672
0.087948, 0.299610, 0.005286
0.088612, 0.285598, 0.005146
0.089276, 0.266359, 0.004955
0.089939, 0.245222, 0.004740
0.090603, 0.233955, 0.004617
0.091267, 0.227205, 0.004535
0.091931, 0.217716, 0.004427
0.092595, 0.205610, 0.004290
0.093258, 0.191224, 0.004125
0.093922, 0.186659, 0.004063
0.094586, 0.184301, 0.004026
0.095250, 0.169020, 0.003845
0.095913, 0.160900, 0.003741
0.096577, 0.150810, 0.003611
0.097241, 0.144884, 0.003530
0.097905, 0.140914, 0.003471
0.098568, 0.143035, 0.003488
0.099232, 0.139819, 0.003439
0.099896, 0.133247, 0.003348
0.100560, 0.133216, 0.003339
0.101223, 0.128380, 0.003268
0.101887, 0.128161, 0.003257
0.102551, 0.124096, 0.003196
0.103215, 0.112858, 0.003040
0.103878, 0.109395, 0.002985
0.104542, 0.110094, 0.002987
0.105206, 0.106656, 0.002932
0.105870, 0.103561, 0.002882
0.106533, 0.105316, 0.002898
0.107197, 0.101112, 0.002833
0.107861, 0.101995, 0.002838
0.108525, 0.097965, 0.002774
0.109189, 0.112732, 0.002968
0.109852, 0.102194, 0.002819
0.110516, 0.095230, 0.002714
0.111180, 0.097576, 0.002742
0.111844, 0.094018, 0.002759
0.112507, 0.092936, 0.002851
0.113171, 0.090634, 0.002864
0.113835, 0.091546, 0.002856
0.114499, 0.080232, 0.002675
0.115162, 0.081960, 0.002710
0.115826, 0.077385, 0.002639
0.116490, 0.086325, 0.002787
0.117154, 0.079272, 0.002669
0.117817, 0.073453, 0.002575
0.118481, 0.076707, 0.002644
0.119145, 0.078753, 0.002685
0.119809, 0.080464, 0.002709
0.120472, 0.076626, 0.002634
0.121136, 0.079962, 0.002684
0.121800, 0.079650, 0.002679
0.122464, 0.072519, 0.002561
0.123127, 0.077831, 0.002682
0.123791, 0.072136, 0.002656
0.124455, 0.073912, 0.002731
0.125119, 0.069675, 0.002684
0.125783, 0.069528, 0.002709
0.126446, 0.069009, 0.002725
0.127110, 0.076296, 0.002890
0.127774, 0.070151, 0.002793
0.128438, 0.069999, 0.002804
0.129101, 0.072110, 0.002768
0.129765, 0.070027, 0.002678
0.130429, 0.069780, 0.002641
0.131093, 0.074017, 0.002694
0.131756, 0.073769, 0.002668
0.132420, 0.062745, 0.002443
0.133084, 0.069533, 0.002555
0.133748, 0.068721, 0.002525
0.134411, 0.067673, 0.002494
0.135075, 0.064329, 0.002426
0.135739, 0.069593, 0.002519
0.136403, 0.074517, 0.002602
0.137066, 0.071092, 0.002537
0.137730, 0.071199, 0.002535
0.138394, 0.079733, 0.002678
0.139058, 0.073977, 0.002576
0.139721, 0.068604, 0.002477
0.140385, 0.062151, 0.002354
0.141049, 0.064607, 0.002396
0.141713, 0.068970, 0.002472
0.142377, 0.070124, 0.002489
0.143040, 0.070164, 0.002486
0.143704, 0.072062, 0.002516
0.144368, 0.068508, 0.002450
0.145032, 0.065321, 0.002389
0.145695, 0.073028, 0.002523
0.146359, 0.071447, 0.002491
0.147023, 0.071840, 0.002495
0.147687, 0.071384, 0.002484
0.148350, 0.074604, 0.002535
0.149014, 0.078343, 0.002594
0.149678, 0.080793, 0.002631
0.150342, 0.074441, 0.002525
0.151005, 0.064409, 0.002344
0.151669, 0.070661, 0.002451
0.152333, 0.075035, 0.002522
0.152997, 0.078172, 0.002571
0.153660, 0.072158, 0.002467
0.154324, 0.075487, 0.002520
0.154988, 0.063389, 0.002306
0.155652, 0.062415, 0.002285
0.156315, 0.064393, 0.002318
0.156979, 0.063704, 0.002303
0.157643, 0.062810, 0.002284
0.158307, 0.065532, 0.002327
0.158971, 0.059586, 0.002213
0.159634, 0.056578, 0.002152
0.160298, 0.055621, 0.002132
0.160962, 0.059733, 0.002206
0.161626, 0.062366, 0.002251
0.162289, 0.057491, 0.002159
0.162953, 0.057162, 0.002150
0.163617, 0.052897, 0.002066
0.164281, 0.056152, 0.002126
0.164944, 0.052979, 0.002062
0.165608, 0.056402, 0.002125
0.166272, 0.057681, 0.002145
0.166936, 0.054666, 0.002082
0.167599, 0.054213, 0.002070
0.168263, 0.055027, 0.002083
0.168927, 0.050118, 0.001985
0.169591, 0.055207, 0.002081
0.170254, 0.053294, 0.002043
0.170918, 0.053193, 0.002041
0.171582, 0.052246, 0.002023
0.172246, 0.054990, 0.002073
0.172909, 0.053141, 0.002035
0.173573, 0.051937, 0.002009
0.174237, 0.050628, 0.001982
0.174901, 0.051363, 0.001994
0.175565, 0.054943, 0.002059
0.176228, 0.049292, 0.001948
0.176892, 0.053427, 0.002026
0.177556, 0.055181, 0.002056
0.178220, 0.053307, 0.002019
0.178883, 0.053714, 0.002024
0.179547, 0.057283, 0.002088
0.180211, 0.054172, 0.002028
0.180875, 0.056713, 0.002072
0.181538, 0.057656, 0.002087
0.182202, 0.059780, 0.002122
0.182866, 0.055464, 0.002042
0.183530, 0.057295, 0.002073
0.184193, 0.055283, 0.002034
0.184857, 0.055460, 0.002035
0.185521, 0.053954, 0.002005
0.186185, 0.053767, 0.001999
0.186848, 0.053874, 0.001998
0.187512, 0.054660, 0.002011
0.188176, 0.054264, 0.002001
0.188840, 0.052653, 0.001969
0.189503, 0.052701, 0.001968
0.190167, 0.053264, 0.001976
0.190831, 0.053666, 0.001981
0.191495, 0.050404, 0.001917
0.192159, 0.054114, 0.001985
0.192822, 0.052654, 0.001955
0.193486, 0.050767, 0.001918
0.194150, 0.052304, 0.001944
0.194814, 0.053741, 0.001968
0.195477, 0.052397, 0.001942
0.196141, 0.056982, 0.002022
0.196805, 0.048595, 0.001866
0.197469, 0.052351, 0.001934
0.198132, 0.052154, 0.001928
0.198796, 0.051167, 0.001908
0.199460, 0.051070, 0.001904
0.200124, 0.053403, 0.001945
0.200787, 0.054637, 0.001965
0.201451, 0.053318, 0.001939
0.202115, 0.056367, 0.001991
0.202779, 0.056309, 0.001988
0.203442, 0.049138, 0.001893
0.204106, 0.046685, 0.001887
0.204770, 0.047575, 0.001932
0.205434, 0.047857, 0.001959
0.206097, 0.050152, 0.002028
0.206761, 0.052253, 0.002084
0.207425, 0.053938, 0.002125
0.208089, 0.052178, 0.002096
0.208753, 0.048997, 0.002037
0.209416, 0.046443, 0.001988
0.210080, 0.048595, 0.002038
0.210744, 0.050561, 0.002083
0.211408, 0.050490, 0.002086
0.212071, 0.048483, 0.002048
0.212735, 0.051548, 0.002116
0.213399, 0.051984, 0.002128
0.214063, 0.048909, 0.002068
0.214726, 0.052688, 0.002150
0.215390, 0.049956, 0.002097
0.216054, 0.049384, 0.002088
0.216718, 0.054290, 0.002193
0.217381, 0.053712, 0.002183
0.218045, 0.049027, 0.002089
0.218709, 0.051339, 0.002140
0.219373, 0.053653, 0.002190
0.220036, 0.052885, 0.002177
0.220700, 0.051204, 0.002145
0.221364, 0.053779, 0.002201
0.222028, 0.050964, 0.002145
0.222691, 0.057724, 0.002285
0.223355, 0.054651, 0.002225
0.224019, 0.053589, 0.002206
0.224683, 0.052350, 0.002182
0.225347, 0.053019, 0.002198
0.226010, 0.054954, 0.002240
0.226674, 0.051695, 0.002175
0.227338, 0.053517, 0.002215
0.228002, 0.053372, 0.002214
0.228665, 0.052399, 0.002196
0.229329, 0.054436, 0.002239
0.229993, 0.049942, 0.002146
0.230657, 0.060008, 0.002355
0.231320, 0.053080, 0.002216
0.231984, 0.051556, 0.002184
0.232648, 0.051681, 0.002185
0.233312, 0.052356, 0.002200
0.233975, 0.049120, 0.002132
0.234639, 0.052572, 0.002207
0.235303, 0.051331, 0.002183
0.235967, 0.048811, 0.002130
0.236630, 0.051666, 0.002193
0.237294, 0.054850, 0.002261
0.237958, 0.054078, 0.002246
0.238622, 0.052251, 0.002209
0.239285, 0.053347, 0.002233
0.239949, 0.049523, 0.002153
0.240613, 0.050443, 0.002174
0.241277, 0.052500, 0.002219
0.241941, 0.054459, 0.002262
0.242604, 0.057122, 0.002318
0.243268, 0.055079, 0.002277
0.243932, 0.055885, 0.002295
0.244596, 0.053972, 0.002257
0.245259, 0.054985, 0.002279
0.245923, 0.051870, 0.002214
0.246587, 0.053747, 0.002255
0.247251, 0.050592, 0.002189
0.247914, 0.053368, 0.002250
0.248578, 0.052964, 0.002242
0.249242, 0.057602, 0.002339
0.249906, 0.051300, 0.002209
0.250569, 0.055552, 0.002299
0.251233, 0.053932, 0.002267
0.251897, 0.057862, 0.002349
0.252561, 0.055515, 0.002302
0.253224, 0.058552, 0.002365
0.253888, 0.061383, 0.002423
0.254552, 0.056741, 0.002330
0.255216, 0.055923, 0.002314
0.255879, 0.054866, 0.002293
0.256543, 0.052622, 0.002246
0.257207, 0.053509, 0.002266
0.257871, 0.056828, 0.002336
0.258535, 0.056362, 0.002328
0.259198, 0.054886, 0.002298
0.259862, 0.056212, 0.002326
0.260526, 0.053578, 0.002272
0.261190, 0.053856, 0.002279
0.261853, 0.054359, 0.002290
0.262517, 0.056356, 0.002335
0.263181, 0.063244, 0.002581
0.263845, 0.058620, 0.002571
0.264508, 0.056396, 0.002583
0.265172, 0.062290, 0.002753
0.265836, 0.058364, 0.002706
0.266500, 0.050792, 0.002561
0.267163, 0.051236, 0.002596
0.267827, 0.055970, 0.002753
0.268491, 0.059985, 0.002893
0.269155, 0.053383, 0.002770
0.269818, 0.053450, 0.002814
0.270482, 0.052719, 0.002834
0.271146, 0.056243, 0.002969
0.271810, 0.058837, 0.003080
0.272473, 0.058800, 0.003123
0.273137, 0.048767, 0.002884
0.273801, 0.061191, 0.003276
0.274465, 0.054429, 0.003133
0.275129, 0.060838, 0.003360
0.275792, 0.055547, 0.003256
0.276456, 0.054026, 0.003258
0.277120, 0.060233, 0.003490
0.277784, 0.054884, 0.003381
0.278447, 0.061845, 0.003643
0.279111, 0.052603, 0.003410
0.279775, 0.073700, 0.004099
0.280439, 0.061312, 0.003797
0.281102, 0.059141, 0.003787
0.281766, 0.060526, 0.003894
0.282430, 0.055738, 0.003798
0.283094, 0.053048, 0.003766
0.283757, 0.058018, 0.004006
0.284421, 0.060452, 0.004160
0.285085, 0.055206, 0.004046
0.285749, 0.062193, 0.004360
0.286412, 0.064308, 0.004477
0.287076, 0.062247, 0.004447
0.287740, 0.062847, 0.004510
0.288404, 0.052326, 0.004155
0.289067, 0.058368, 0.004433
0.289731, 0.061615, 0.004600
0.290395, 0.059254, 0.004535
0.291059, 0.052726, 0.004281
0.291723, 0.046969, 0.004042
0.292386, 0.059430, 0.004553
0.293050, 0.062464, 0.004707
0.293714, 0.057244, 0.004551
0.294378, 0.057068, 0.004592
0.295041, 0.052085, 0.004431
0.295705, 0.059566, 0.004787
0.296369, 0.067387, 0.005145
0.297033, 0.048247, 0.004401
0.297696, 0.057358, 0.004851
0.298360, 0.049968, 0.004578
0.299024, 0.051305, 0.004690
0.299688, 0.057302, 0.005013
0.300351, 0.063693, 0.005347
0.301015, 0.059257, 0.005219
0.301679, 0.056210, 0.005146
0.302343, 0.056883, 0.005238
0.303006, 0.047817, 0.004863
0.303670, 0.061859, 0.005601
0.304334, 0.056015, 0.005402
0.304998, 0.064493, 0.005870
0.305661, 0.051067, 0.005295
0.306325, 0.053607, 0.005500
0.306989, 0.060368, 0.005921
0.307653, 0.044549, 0.005161
0.308317, 0.049301, 0.005510
0.308980, 0.054988, 0.005908
0.309644, 0.055522, 0.006034
0.310308, 0.053314, 0.006006
0.310972, 0.057848, 0.006359
0.311635, 0.062886, 0.006748
0.312299, 0.056580, 0.006510
0.312963, 0.057908, 0.006706
0.313627, 0.051126, 0.006420
0.314290, 0.043517, 0.006039
0.314954, 0.046706, 0.006386
0.315618, 0.035120, 0.005652
0.316282, 0.063427, 0.007761
0.316945, 0.065165, 0.008046
0.317609, 0.037571, 0.006258
0.318273, 0.045152, 0.007028
0.318937, 0.043960, 0.007116
0.319600, 0.052467, 0.007987
0.320264, 0.050575, 0.008069
0.320928, 0.048721, 0.008168
0.321592, 0.050129, 0.008549
0.322255, 0.036502, 0.007547
0.322919, 0.041726, 0.008369
0.323583, 0.045157, 0.009054
0.324247, 0.043446, 0.009266
0.324911, 0.045231, 0.009901
0.325574, 0.054194, 0.011402
0.326238, 0.070788, 0.013786
0.326902, 0.098210, 0.017298
0.327566, 0.040744, 0.011976
0.328229, 0.042883, 0.013366
0.328893, 0.041258, 0.014503
0.329557, 0.044924, 0.017171
0.330221, 0.034858, 0.017908
0.330884, 0.049113, 0.027459
0.331548, 0.092217, 0.065208
