0.00646896	6.01183557	1.09590380
0.00693103	5.08620140	0.11938512
0.00739310	4.32648737	0.08608054
0.00785517	4.17172061	0.08107394
0.00831724	3.96342801	0.07643559
0.00877931	4.03097248	0.07459872
0.00924138	3.94614661	0.07144754
0.00970345	3.98643034	0.06997358
0.01016552	4.15737079	0.06976687
0.01062758	4.43722466	0.07028443
0.01108965	4.17084058	0.06656729
0.01155172	3.57323204	0.06019724
0.01201379	3.27344442	0.05639857
0.01247586	2.92368227	0.05223918
0.01293793	2.76464023	0.04982616
0.01340000	2.57565016	0.04722848
0.01386207	2.38707531	0.04465853
0.01432414	2.29860204	0.04308603
0.01478620	2.10896705	0.04060548
0.01524827	2.08395792	0.03969694
0.01571034	2.03486752	0.03862720
0.01617241	1.98835758	0.03761063
0.01663448	1.97578214	0.03695142
0.01709655	1.91686722	0.03587842
0.01755862	1.92782460	0.03612100
0.01802069	1.94751200	0.03679086
0.01848276	1.97783697	0.03716368
0.01894482	1.95473537	0.03693609
0.01940689	1.97817389	0.03705251
0.01986896	1.89552027	0.03614536
0.02033103	1.84499683	0.03553194
0.02079310	1.83619613	0.03530037
0.02125517	1.84291863	0.03519747
0.02171724	1.89950833	0.03556504
0.02217931	1.94044630	0.03575956
0.02264138	1.98380455	0.03596925
0.02310344	2.04431410	0.03631913
0.02356551	2.06202887	0.03627378
0.02402758	2.03796149	0.03585869
0.02448965	2.16835627	0.03679294
0.02495172	2.20606699	0.03690925
0.02541379	2.32905697	0.03771544
0.02587586	2.33336871	0.03753787
0.02633793	2.49204513	0.03858382
0.02680000	2.48153390	0.03828310
0.02726206	2.54274802	0.03854718
0.02772413	2.64028622	0.03905899
0.02818620	2.83452674	0.04024731
0.02864827	2.97293793	0.04100225
0.02911034	3.04824936	0.04129239
0.02957241	3.25572826	0.04244042
0.03003448	3.49892006	0.04377075
0.03049655	3.68641401	0.04469251
0.03095862	4.01651683	0.04640105
0.03142068	4.48818139	0.04880154
0.03188275	5.49199398	0.05369591
0.03234482	7.33680453	0.06174601
0.03280689	9.77839845	0.07091233
0.03326896	13.50515537	0.08292118
0.03373103	17.95265977	0.09512703
0.03419310	23.60354683	0.10855195
0.03465517	31.00521105	0.12379336
0.03511724	41.26935948	0.14211836
0.03557930	59.20243718	0.16940345
0.03604137	95.99286421	0.21939297
0.03650344	164.49242984	0.29166599
0.03696551	265.42436769	0.37304322
0.03742758	351.03101674	0.43008929
0.03788965	389.52822831	0.45330878
0.03835172	394.63922340	0.45766550
0.03881379	373.45412097	0.44741058
0.03927586	331.07314167	0.42309989
0.03973792	284.51173971	0.39374833
0.04019999	248.57355636	0.36846719
0.04066206	220.88460807	0.34688763
0.04112413	207.47070144	0.33571480
0.04158620	202.68552892	0.33131612
0.04204827	201.83606999	0.33008235
0.04251034	197.82979505	0.32623537
0.04297241	183.06165154	0.31325614
0.04343448	155.36765013	0.28805843
0.04389654	121.26647854	0.25400813
0.04435861	83.85584894	0.21081264
0.04482068	51.32136760	0.16459585
0.04528275	30.46844564	0.12656434
0.04574482	19.98796488	0.10230151
0.04620689	13.67858676	0.08445036
0.04666896	9.64341937	0.07075841
0.04713103	7.09238526	0.06055284
0.04759310	5.48662492	0.05314379
0.04805516	4.92835684	0.05025888
0.04851723	4.59520035	0.04842329
0.04897930	4.13864796	0.04585387
0.04944137	3.91320511	0.04448925
0.04990344	3.76272972	0.04352852
0.05036551	3.53643258	0.04210572
0.05082758	3.36088081	0.04095473
0.05128965	3.23364233	0.04008211
0.05175172	3.06825481	0.03895615
0.05221378	2.99307574	0.03838933
0.05267585	2.78279133	0.03693317
0.05313792	2.65695329	0.03600688
0.05359999	2.60132357	0.03554804
0.05406206	2.56288877	0.03520410
0.05452413	2.44728732	0.03432335
0.05498620	2.35768477	0.03361339
0.05544827	2.19438137	0.03235513
0.05591034	2.17056981	0.03210694
0.05637240	2.18197185	0.03211802
0.05683447	2.07553571	0.03125446
0.05729654	1.91047458	0.02991872
0.05775861	1.95059297	0.03016331
0.05822068	1.91245656	0.02980036
0.05868275	1.84386127	0.02919502
0.05914482	1.76941513	0.02853580
0.05960689	1.79853671	0.02870566
0.06006896	1.73047237	0.02809460
0.06053102	1.69164362	0.02771617
0.06099309	1.62311243	0.02708869
0.06145516	1.62239137	0.02702314
0.06191723	1.52473549	0.02613897
0.06237930	1.51812563	0.02602490
0.06284137	1.46849523	0.02553997
0.06330344	1.41712697	0.02503431
0.06376551	1.44715844	0.02524322
0.06422758	1.41680710	0.02492227
0.06468964	1.40803724	0.02479113
0.06515171	1.41120995	0.02476544
0.06561378	1.39304665	0.02455238
0.06607585	1.33781315	0.02400913
0.06653792	1.36215947	0.02417418
0.06699999	1.36444165	0.02414272
0.06746206	1.49542734	0.02522117
0.06792413	1.47419803	0.02498823
0.06838620	1.44355566	0.02467490
0.06884826	1.46293293	0.02478733
0.06931033	1.37441414	0.02397533
0.06977240	1.34506452	0.02366771
0.07023447	1.32299160	0.02342356
0.07069654	1.23758012	0.02260767
0.07115861	1.21836067	0.02238469
0.07162068	1.25184016	0.02264329
0.07208275	1.21711061	0.02228043
0.07254482	1.18075101	0.02189992
0.07300688	1.12724884	0.02135413
0.07346895	1.13383869	0.02137256
0.07393102	1.13083559	0.02130084
0.07439309	1.18094062	0.02172323
0.07485516	1.21194573	0.02196217
0.07531723	1.17877167	0.02161536
0.07577930	1.26532619	0.02234977
0.07624137	1.36268897	0.02314729
0.07670344	1.46603320	0.02396084
0.07716550	1.69818813	0.02573714
0.07762757	2.03731155	0.02813356
0.07808964	2.49025359	0.03104252
0.07855171	2.95477710	0.03374748
0.07901378	3.19813172	0.03504052
0.07947585	3.19202056	0.03493866
0.07993792	3.06476352	0.03416765
0.08039999	2.87708882	0.03304055
0.08086206	2.51522857	0.03083308
0.08132412	2.24437346	0.02906926
0.08178619	2.05966654	0.02779390
0.08224826	1.94032420	0.02692468
0.08271033	1.80115119	0.02589167
0.08317240	1.59440006	0.02431346
0.08363447	1.40363387	0.02276920
0.08409654	1.19869208	0.02100162
0.08455861	1.04081629	0.01953272
0.08502067	0.92833134	0.01841248
0.08548274	0.80726794	0.01713747
0.08594481	0.82010074	0.01724084
0.08640688	0.79329935	0.01692523
0.08686895	0.79154349	0.01687502
0.08733102	0.78433752	0.01676704
0.08779309	0.73310692	0.01618003
0.08825516	0.75514685	0.01639125
0.08871723	0.76531636	0.01647104
0.08917929	0.71873417	0.01593271
0.08964136	0.71836728	0.01589972
0.09010343	0.70538549	0.01572672
0.09056550	0.70487347	0.01569270
0.09102757	0.71432630	0.01576884
0.09148964	0.72462209	0.01585351
0.09195171	0.73230587	0.01590886
0.09241378	0.72423946	0.01579269
0.09287585	0.70844319	0.01559183
0.09333791	0.67546730	0.01519739
0.09379998	0.69828296	0.01542460
0.09426205	0.68351686	0.01523380
0.09472412	0.69179651	0.01529881
0.09518619	0.71100962	0.01548275
0.09564826	0.70461933	0.01538588
0.09611033	0.68644178	0.01515972
0.09657240	0.71004289	0.01539142
0.09703447	0.69467694	0.01519762
0.09749653	0.71157337	0.01535492
0.09795860	0.71580296	0.01537396
0.09842067	0.73032508	0.01550267
0.09888274	0.76506172	0.01583975
0.09934481	0.75406188	0.01569870
0.09980688	0.76531087	0.01578861
0.10026895	0.78028407	0.01591531
0.10073102	0.81082160	0.01619653
0.10119309	0.88638572	0.01690574
0.10165515	0.94893890	0.01746281
0.10211722	1.04069716	0.01825716
0.10257929	1.13902632	0.01906836
0.10304136	1.31568253	0.02045991
0.10350343	1.60657156	0.02257113
0.10396550	2.04930895	0.02545018
0.10442757	2.66375033	0.02896814
0.10488964	3.38217227	0.03258808
0.10535171	3.96381573	0.03522168
0.10581377	4.22646634	0.03631051
0.10627584	4.27981607	0.03647993
0.10673791	3.98307562	0.03513511
0.10719998	3.52984328	0.03302237
0.10766205	3.17950355	0.03129053
0.10812412	2.78661315	0.02924644
0.10858619	2.54002536	0.02787802
0.10904826	2.25227966	0.02620930
0.10951033	2.00858682	0.02471149
0.10997239	1.56787931	0.02179831
0.11043446	1.32479457	0.02000567
0.11089653	1.07374064	0.01798236
0.11135860	0.89915978	0.01642961
0.11182067	0.79755151	0.01544928
0.11228274	0.75875059	0.01504531
0.11274481	0.72941224	0.01472859
0.11320688	0.70174003	0.01442417
0.11366895	0.68484324	0.01422735
0.11413101	0.68147485	0.01417054
0.11459308	0.62966736	0.01360013
0.11505515	0.63444627	0.01363070
0.11551722	0.59974385	0.01323247
0.11597929	0.61675610	0.01339833
0.11644136	0.60039049	0.01319937
0.11690343	0.60253394	0.01320270
0.11736550	0.59567008	0.01310745
0.11782757	0.59008296	0.01302622
0.11828963	0.64051403	0.01355103
0.11875170	0.64268378	0.01355371
0.11921377	0.72912212	0.01441468
0.11967584	0.72615161	0.01436387
0.12013791	0.75663884	0.01464056
0.12059998	0.75101405	0.01456441
0.12106205	0.73936106	0.01442971
0.12152412	0.70800189	0.01409942
0.12198619	0.67795081	0.01377671
0.12244825	0.64962377	0.01346610
0.12291032	0.62301122	0.01316811
0.12337239	0.59569844	0.01285754
0.12383446	0.58598130	0.01273368
0.12429653	0.55519163	0.01237677
0.12475860	0.53013077	0.01207659
0.12522067	0.48604242	0.01154686
0.12568274	0.48143910	0.01147559
0.12614481	0.47834254	0.01142222
0.12660687	0.47885655	0.01141210
0.12706894	0.46478371	0.01122701
0.12753101	0.47057386	0.01128069
0.12799308	0.45441593	0.01106966
0.12845515	0.46924955	0.01123297
0.12891722	0.46098642	0.01111800
0.12937929	0.45638050	0.01104665
0.12984136	0.45490914	0.01101339
0.13030343	0.42332417	0.01060935
0.13076549	0.43675299	0.01076129
0.13122756	0.41950854	0.01053209
0.13168963	0.42619813	0.01060098
0.13215170	0.41601186	0.01045913
0.13261377	0.40790285	0.01034229
0.13307584	0.41640956	0.01043520
0.13353791	0.41010076	0.01034169
0.13399998	0.40952623	0.01032028
0.13446205	0.43634598	0.01063839
0.13492411	0.44745475	0.01075818
0.13538618	0.40943083	0.01027697
0.13584825	0.42963857	0.01051331
0.13631032	0.43092371	0.01051479
0.13677239	0.40591732	0.01019146
0.13723446	0.43616600	0.01055006
0.13769653	0.43925024	0.01057313
0.13815860	0.44810576	0.01066494
0.13862067	0.46800937	0.01088468
0.13908273	0.49821675	0.01121558
0.13954480	0.47115922	0.01089220
0.14000687	0.47227065	0.01089064
0.14046894	0.46606388	0.01080459
0.14093101	0.48198793	0.01097316
0.14139308	0.47845846	0.01091861
0.14185515	0.48333745	0.01095974
0.14231722	0.46468040	0.01073217
0.14277929	0.48035507	0.01089735
0.14324135	0.47244889	0.01079326
0.14370342	0.51414151	0.01124489
0.14416549	0.52980758	0.01140014
0.14462756	0.52058405	0.01128597
0.14508963	0.54549600	0.01153787
0.14555170	0.57739925	0.01185525
0.14601377	0.57269409	0.01179177
0.14647584	0.54650728	0.01150430
0.14693791	0.52304188	0.01124034
0.14739997	0.49760298	0.01094955
0.14786204	0.48408430	0.01078612
0.14832411	0.45234238	0.01041334
0.14878618	0.44632156	0.01033075
0.14924825	0.40723686	0.00985569
0.14971032	0.38245016	0.00953993
0.15017239	0.38544358	0.00956425
0.15063446	0.36934918	0.00935076
0.15109653	0.36749539	0.00931565
0.15155859	0.35543246	0.00915013
0.15202066	0.37219521	0.00935178
0.15248273	0.37338156	0.00935514
0.15294480	0.37648268	0.00938223
0.15340687	0.36445822	0.00921983
0.15386894	0.34955139	0.00901825
0.15433101	0.36444052	0.00919702
0.15479308	0.34501988	0.00893772
0.15525515	0.35957656	0.00911311
0.15571721	0.35426802	0.00903459
0.15617928	0.35250278	0.00900115
0.15664135	0.36434111	0.00913995
0.15710342	0.34469874	0.00887947
0.15756549	0.34566612	0.00888112
0.15802756	0.34556708	0.00886919
0.15848963	0.36297905	0.00907900
0.15895170	0.38436655	0.00933147
0.15941377	0.37007502	0.00914545
0.15987583	0.37328959	0.00917495
0.16033790	0.39818425	0.00950647
0.16079997	0.41540342	0.01001228
0.16126204	0.42450801	0.01031097
0.16172411	0.42919693	0.01045932
0.16218618	0.42740438	0.01048997
0.16264825	0.42103983	0.01045636
0.16311032	0.40617485	0.01030884
0.16357239	0.37996862	0.01000463
0.16403445	0.37078945	0.00991370
0.16449652	0.36034535	0.00980096
0.16495859	0.35921369	0.00981156
0.16542066	0.34282316	0.00960876
0.16588273	0.36732428	0.01001397
0.16634480	0.35837063	0.01031183
0.16680687	0.34262778	0.01037017
0.16726894	0.32885335	0.01038528
0.16773101	0.32728306	0.01056261
0.16819307	0.39012995	0.01173898
0.16865514	0.37762153	0.01174415
0.16911721	0.32518687	0.01107410
0.16957928	0.34882229	0.01164817
0.17004135	0.33516817	0.01156120
0.17050342	0.34062517	0.01175305
0.17096549	0.32420033	0.01155967
0.17142756	0.31486890	0.01148272
0.17188963	0.33560417	0.01194707
0.17235169	0.32148334	0.01178231
0.17281376	0.33621187	0.01213963
0.17327583	0.31898313	0.01191190
0.17373790	0.48616176	0.01481299
0.17419997	0.35193240	0.01269400
0.17466204	0.35737080	0.01288282
0.17512411	0.36705057	0.01314821
0.17558618	0.36003525	0.01311299
0.17604825	0.36513738	0.01329716
0.17651031	0.36736035	0.01342944
0.17697238	0.36197828	0.01342349
0.17743445	0.36505755	0.01357253
0.17789652	0.36136080	0.01359327
0.17835859	0.34700025	0.01341032
0.17882066	0.34430373	0.01344794
0.17928273	0.30974581	0.01284073
0.17974480	0.29846386	0.01269244
0.18020687	0.31726685	0.01316996
0.18066893	0.31065999	0.01311900
0.18113100	0.27289296	0.01237764
0.18159307	0.29697054	0.01299812
0.18205514	0.28691099	0.01286115
0.18251721	0.28352670	0.01287024
0.18297928	0.31545436	0.01366607
0.18344135	0.32461487	0.01395560
0.18390342	0.33125100	0.01419176
0.18436549	0.30945842	0.01380886
0.18482755	0.30398545	0.01377808
0.18528962	0.34783036	0.01483744
0.18575169	0.33720718	0.01470771
0.18621376	0.32981697	0.01464414
0.18667583	0.31713090	0.01445732
0.18713790	0.33390319	0.01493590
0.18759997	0.32418921	0.01481784
0.18806204	0.32349926	0.01490391
0.18852411	0.27837750	0.01392106
0.18898617	0.31940104	0.01501517
0.18944824	0.30321328	0.01473190
0.18991031	0.26798814	0.01394704
0.19037238	0.30719491	0.01503794
0.19083445	0.29068723	0.01473229
0.19129652	0.30193196	0.01512193
0.19175859	0.26858327	0.01436509
0.19222066	0.27903625	0.01474812
0.19268273	0.28609232	0.01504248
0.19314479	0.28100835	0.01501791
0.19360686	0.32531592	0.01627836
0.19406893	0.26621775	0.01483577
0.19453100	0.28594726	0.01549155
0.19499307	0.27258564	0.01524022
0.19545514	0.30396850	0.01621701
0.19591721	0.29775776	0.01617464
0.19637928	0.28440095	0.01593112
0.19684135	0.28599141	0.01610154
0.19730341	0.26733347	0.01569138
0.19776548	0.27789020	0.01612684
0.19822755	0.26361962	0.01583493
0.19868962	0.27681123	0.01635954
0.19915169	0.29392197	0.01699754
0.19961376	0.32028915	0.01789256
0.20007583	0.33691129	0.01850684
0.20053790	0.29395607	0.01743541
0.20099997	0.30139412	0.01780820
0.20146203	0.28219106	0.01738332
0.20192410	0.29980036	0.01807733
0.20238617	0.31079562	0.01857219
0.20284824	0.28950919	0.01808908
0.20331031	0.33338326	0.01959167
0.20377238	0.29820492	0.01870370
0.20423445	0.28626012	0.01850035
0.20469652	0.25784011	0.01772821
0.20515859	0.31685592	0.01984607
0.20562065	0.32098252	0.02017456
0.20608272	0.29027167	0.01938002
0.20654479	0.31621616	0.02043638
0.20700686	0.34411672	0.02154267
0.20746893	0.37188642	0.02263415
0.20793100	0.40448913	0.02386195
0.20839307	0.41829310	0.02453415
0.20885514	0.40099977	0.02429234
0.20931721	0.34058667	0.02264488
0.20977927	0.33122395	0.02259294
0.21024134	0.35900551	0.02380232
0.21070341	0.33432486	0.02324963
0.21116548	0.35077295	0.02411120
0.21162755	0.33390390	0.02382360
0.21208962	0.34516641	0.02453717
0.21255169	0.32374419	0.02407985
0.21301376	0.29470256	0.02328751
0.21347583	0.29832982	0.02375752
0.21393789	0.33846675	0.02566751
0.21439996	0.31874389	0.02527433
0.21486203	0.33612800	0.02634590
0.21532410	0.28917141	0.02481533
0.21578617	0.33940650	0.02731332
0.21624824	0.31786925	0.02686665
0.21671031	0.34553562	0.02848568
0.21717238	0.28493601	0.02631936
0.21763445	0.32137533	0.02845616
0.21809651	0.24174174	0.02514080
0.21855858	0.28726864	0.02793605
0.21902065	0.27146801	0.02770159
0.21948272	0.29372022	0.02941496
0.21994479	0.29063590	0.02989451
0.22040686	0.35603880	0.03383545
0.22086893	0.28204530	0.03082592
0.22133100	0.25691524	0.03014759
0.22179307	0.34616805	0.03590187
0.22225513	0.38973347	0.03913296
0.22271720	0.29984202	0.03531209
0.22317927	0.39999159	0.04202704
0.22364134	0.30170500	0.03768057
0.22410341	0.36404434	0.04281833
0.22456548	0.29219142	0.03977825
0.22502755	0.29618025	0.04164299
0.22548962	0.24534383	0.03953624
0.22595169	0.28425393	0.04456059
0.22641375	0.30480913	0.04853757
0.22687582	0.26475184	0.04784838
0.22733789	0.36841189	0.06012051
0.22779996	0.35206064	0.06316342
0.22826203	0.30284710	0.06371899
0.22872410	0.29057405	0.06903724
0.22918617	0.41941317	0.09409547
0.22964824	0.59185363	0.13232333
0.23011031	0.28138438	0.11784647
