0.00646896	157.84861356	5.61551084
0.00693103	110.98155959	0.55767201
0.00739310	194.47097407	0.57711802
0.00785517	259.40422572	0.63931099
0.00831724	225.75638799	0.57687291
0.00877931	182.79418359	0.50235146
0.00924138	150.56025928	0.44132228
0.00970345	123.75180225	0.38986816
0.01016552	105.46726585	0.35139754
0.01062758	90.29183093	0.31704991
0.01108965	76.47322355	0.28503867
0.01155172	64.13212326	0.25502561
0.01201379	55.87318336	0.23300612
0.01247586	47.80799540	0.21124260
0.01293793	41.49782140	0.19304151
0.01340000	36.03332565	0.17664962
0.01386207	31.08578249	0.16115814
0.01432414	26.85074872	0.14725933
0.01478620	23.69857031	0.13611651
0.01524827	21.55358699	0.12766515
0.01571034	19.10269619	0.11835115
0.01617241	16.85599834	0.10950668
0.01663448	14.98622372	0.10176718
0.01709655	13.40121352	0.09486572
0.01755862	12.55834641	0.09219178
0.01802069	11.71736540	0.09024327
0.01848276	10.49828123	0.08562144
0.01894482	9.79015582	0.08266122
0.01940689	9.09848651	0.07946392
0.01986896	8.30262691	0.07564775
0.02033103	7.63415954	0.07227727
0.02079310	7.06336654	0.06923499
0.02125517	6.33244315	0.06524452
0.02171724	6.03833799	0.06341053
0.02217931	5.64178239	0.06097468
0.02264138	5.33969048	0.05901195
0.02310344	5.11567738	0.05745306
0.02356551	4.70600204	0.05479886
0.02402758	4.53786806	0.05350845
0.02448965	4.29140203	0.05176054
0.02495172	3.99599325	0.04967505
0.02541379	3.85161247	0.04850097
0.02587586	3.65474515	0.04697930
0.02633793	3.55073024	0.04605599
0.02680000	3.29798861	0.04413382
0.02726206	3.25435193	0.04360871
0.02772413	3.10383076	0.04234914
0.02818620	3.01507984	0.04150936
0.02864827	2.85106330	0.04015302
0.02911034	2.78703311	0.03948352
0.02957241	2.59577369	0.03789562
0.03003448	2.56103084	0.03744763
0.03049655	2.49424360	0.03676226
0.03095862	2.39748471	0.03584932
0.03142068	2.34247930	0.03525626
0.03188275	2.29534165	0.03471361
0.03234482	2.22485575	0.03400215
0.03280689	2.12796561	0.03308036
0.03326896	2.03637452	0.03219916
0.03373103	2.03030234	0.03199042
0.03419310	2.00199495	0.03161408
0.03465517	1.94962465	0.03104242
0.03511724	1.91848308	0.03064187
0.03557930	1.84705342	0.02992211
0.03604137	1.78045826	0.02987921
0.03650344	1.76772664	0.03023573
0.03696551	1.70266975	0.02987817
0.03742758	1.68753277	0.02982030
0.03788965	1.68291172	0.02979582
0.03835172	1.63957416	0.02949943
0.03881379	1.61810076	0.02945035
0.03927586	1.53342239	0.02879465
0.03973792	1.49839953	0.02857475
0.04019999	1.52847636	0.02889354
0.04066206	1.47877796	0.02838295
0.04112413	1.46661258	0.02822603
0.04158620	1.48078182	0.02831892
0.04204827	1.43166836	0.02779996
0.04251034	1.43131245	0.02774932
0.04297241	1.38380208	0.02723566
0.04343448	1.41264744	0.02746738
0.04389654	1.34864999	0.02678717
0.04435861	1.28042259	0.02604993
0.04482068	1.26641222	0.02585576
0.04528275	1.23295917	0.02546013
0.04574482	1.23099779	0.02538788
0.04620689	1.22652344	0.02528825
0.04666896	1.23056426	0.02527637
0.04713103	1.20783440	0.02498861
0.04759310	1.20348490	0.02488973
0.04805516	1.16884404	0.02447597
0.04851723	1.14055635	0.02412462
0.04897930	1.14252365	0.02409236
0.04944137	1.13155166	0.02392357
0.04990344	1.11137133	0.02365658
0.05036551	1.13057298	0.02380717
0.05082758	1.07279419	0.02313853
0.05128965	1.05213660	0.02286339
0.05175172	1.05608095	0.02285488
0.05221378	1.06504600	0.02290002
0.05267585	1.07108113	0.02291329
0.05313792	1.03744796	0.02249970
0.05359999	1.04885770	0.02257235
0.05406206	1.05453341	0.02258180
0.05452413	1.02602739	0.02222423
0.05498620	1.02029422	0.02211221
0.05544827	0.99480888	0.02178497
0.05591034	0.97622826	0.02153217
0.05637240	1.00194838	0.02176441
0.05683447	0.97715075	0.02144508
0.05729654	0.99331290	0.02157324
0.05775861	0.93711205	0.02090699
0.05822068	0.96265699	0.02114275
0.05868275	0.91554102	0.02057234
0.05914482	0.91573710	0.02052866
0.05960689	0.96853400	0.02106519
0.06006896	0.91223981	0.02039835
0.06053102	0.91777742	0.02041491
0.06099309	0.88346677	0.01998521
0.06145516	0.87322190	0.01982533
0.06191723	0.91864642	0.02028922
0.06237930	0.86400771	0.01963333
0.06284137	0.89948265	0.01998852
0.06330344	0.85868848	0.01948718
0.06376551	0.87703730	0.01965150
0.06422758	0.87887723	0.01962892
0.06468964	0.89073766	0.01971806
0.06515171	0.87024763	0.01944785
0.06561378	0.85247048	0.01920660
0.06607585	0.86651964	0.01932270
0.06653792	0.86453318	0.01925877
0.06699999	0.84640011	0.01901501
0.06746206	0.84766819	0.01898871
0.06792413	0.86627706	0.01915517
0.06838620	0.86229265	0.01907067
0.06884826	0.85656109	0.01896692
0.06931033	0.86359227	0.01900467
0.06977240	0.83316198	0.01862728
0.07023447	0.81038361	0.01833242
0.07069654	0.85043949	0.01874092
0.07115861	0.84161009	0.01860452
0.07162068	0.83658190	0.01851055
0.07208275	0.85194825	0.01864083
0.07254482	0.89357972	0.01905154
0.07300688	0.82378632	0.01825489
0.07346895	0.85651061	0.01857579
0.07393102	0.88711059	0.01886626
0.07439309	0.88438057	0.01879879
0.07485516	0.90431643	0.01897116
0.07531723	0.90292113	0.01891788
0.07577930	0.88931791	0.01873701
0.07624137	0.88855383	0.01869147
0.07670344	0.91105500	0.01888872
0.07716550	0.94330497	0.01918198
0.07762757	0.92007168	0.01890631
0.07808964	0.92399683	0.01890908
0.07855171	0.96856743	0.01932164
0.07901378	0.97858111	0.01938299
0.07947585	0.94326449	0.01899285
0.07993792	0.89207020	0.01843385
0.08039999	0.92129602	0.01869692
0.08086206	0.89596910	0.01840241
0.08132412	0.92214220	0.01863311
0.08178619	0.91507921	0.01852594
0.08224826	0.88079923	0.01814061
0.08271033	0.84081070	0.01769026
0.08317240	0.85810911	0.01783690
0.08363447	0.81536130	0.01735385
0.08409654	0.79600830	0.01711425
0.08455861	0.80346294	0.01716164
0.08502067	0.75406492	0.01659454
0.08548274	0.74581102	0.01647222
0.08594481	0.72030179	0.01615779
0.08640688	0.69066565	0.01579246
0.08686895	0.70968222	0.01597861
0.08733102	0.67018181	0.01549891
0.08779309	0.67073832	0.01547648
0.08825516	0.65758429	0.01529580
0.08871723	0.62885994	0.01493061
0.08917929	0.67478639	0.01543791
0.08964136	0.63022275	0.01489235
0.09010343	0.64439119	0.01503141
0.09056550	0.61694207	0.01468129
0.09102757	0.59293960	0.01436669
0.09148964	0.57866987	0.01416723
0.09195171	0.58735952	0.01424770
0.09241378	0.60068361	0.01438261
0.09287585	0.59894487	0.01433633
0.09333791	0.58336781	0.01412336
0.09379998	0.56770797	0.01390787
0.09426205	0.58059827	0.01404014
0.09472412	0.56719969	0.01385277
0.09518619	0.56118721	0.01375511
0.09564826	0.54689863	0.01355497
0.09611033	0.57485831	0.01387298
0.09657240	0.53884486	0.01340813
0.09703447	0.54438394	0.01345355
0.09749653	0.54493371	0.01343722
0.09795860	0.51806889	0.01307925
0.09842067	0.53214726	0.01323318
0.09888274	0.54260808	0.01333961
0.09934481	0.51785135	0.01300957
0.09980688	0.52694873	0.01310114
0.10026895	0.51828991	0.01297105
0.10073102	0.50501473	0.01278237
0.10119309	0.51006672	0.01282438
0.10165515	0.51632353	0.01288119
0.10211722	0.53051848	0.01303531
0.10257929	0.50541427	0.01270195
0.10304136	0.49133469	0.01250308
0.10350343	0.49488392	0.01252722
0.10396550	0.49804158	0.01254642
0.10442757	0.49978013	0.01254768
0.10488964	0.51160451	0.01267442
0.10535171	0.50128243	0.01252548
0.10581377	0.48322429	0.01227773
0.10627584	0.47966211	0.01221263
0.10673791	0.47673777	0.01215547
0.10719998	0.47152018	0.01206926
0.10766205	0.45926258	0.01189224
0.10812412	0.46006847	0.01188354
0.10858619	0.45279092	0.01177041
0.10904826	0.44168966	0.01160654
0.10951033	0.46319269	0.01186682
0.10997239	0.43890317	0.01153323
0.11043446	0.44506033	0.01159547
0.11089653	0.46281511	0.01180595
0.11135860	0.44700597	0.01158419
0.11182067	0.44527370	0.01154363
0.11228274	0.43275345	0.01136245
0.11274481	0.44198444	0.01146511
0.11320688	0.43974210	0.01141830
0.11366895	0.45288075	0.01156965
0.11413101	0.42868090	0.01123902
0.11459308	0.44628135	0.01144964
0.11505515	0.42140230	0.01110885
0.11551722	0.41736103	0.01103860
0.11597929	0.40603289	0.01087113
0.11644136	0.42694585	0.01113071
0.11690343	0.42924993	0.01114365
0.11736550	0.41570806	0.01094989
0.11782757	0.41208585	0.01088569
0.11828963	0.42910853	0.01109153
0.11875170	0.42947837	0.01107975
0.11921377	0.43430505	0.01112506
0.11967584	0.40817865	0.01076919
0.12013791	0.41747352	0.01087496
0.12059998	0.41794164	0.01086492
0.12106205	0.41315488	0.01078663
0.12152412	0.41762704	0.01082875
0.12198619	0.40091838	0.01059435
0.12244825	0.40733225	0.01066314
0.12291032	0.41912503	0.01080059
0.12337239	0.42081305	0.01080661
0.12383446	0.43778941	0.01100639
0.12429653	0.41460032	0.01069549
0.12475860	0.40172161	0.01051273
0.12522067	0.39971347	0.01047132
0.12568274	0.41587747	0.01066565
0.12614481	0.38134623	0.01019860
0.12660687	0.40207217	0.01045719
0.12706894	0.41930296	0.01066357
0.12753101	0.40428497	0.01045600
0.12799308	0.39173365	0.01027786
0.12845515	0.39642950	0.01032466
0.12891722	0.38869651	0.01020911
0.12937929	0.38724875	0.01017565
0.12984136	0.40204476	0.01035371
0.13030343	0.39512459	0.01024990
0.13076549	0.39194104	0.01019428
0.13122756	0.38884408	0.01013986
0.13168963	0.36906819	0.00986492
0.13215170	0.37525206	0.00993354
0.13261377	0.38369967	0.01003077
0.13307584	0.38209785	0.00999604
0.13353791	0.38650646	0.01003979
0.13399998	0.37007286	0.00981057
0.13446205	0.37560151	0.00987016
0.13492411	0.37587493	0.00986021
0.13538618	0.37884533	0.00988566
0.13584825	0.36230823	0.00965444
0.13631032	0.38333909	0.00991726
0.13677239	0.38855635	0.00997113
0.13723446	0.38324050	0.00988928
0.13769653	0.38125440	0.00985042
0.13815860	0.39785079	0.01004912
0.13862067	0.37949772	0.00980151
0.13908273	0.37326748	0.00970784
0.13954480	0.34971193	0.00938398
0.14000687	0.36515376	0.00957626
0.14046894	0.37314578	0.00966774
0.14093101	0.37333773	0.00965750
0.14139308	0.36195061	0.00949664
0.14185515	0.36054991	0.00946581
0.14231722	0.37050902	0.00958318
0.14277929	0.36011587	0.00943542
0.14324135	0.34953814	0.00928373
0.14370342	0.35473198	0.00934037
0.14416549	0.36754026	0.00949519
0.14462756	0.37817987	0.00961928
0.14508963	0.37274712	0.00953755
0.14555170	0.35971136	0.00935728
0.14601377	0.34683637	0.00917656
0.14647584	0.35704512	0.00929874
0.14693791	0.34790738	0.00916733
0.14739997	0.35058797	0.00919080
0.14786204	0.34925673	0.00916172
0.14832411	0.35173191	0.00918253
0.14878618	0.34546630	0.00908889
0.14924825	0.34504745	0.00907199
0.14971032	0.35468740	0.00918715
0.15017239	0.33924422	0.00897277
0.15063446	0.34337723	0.00901601
0.15109653	0.35321072	0.00913280
0.15155859	0.34439435	0.00900693
0.15202066	0.34632324	0.00902090
0.15248273	0.36543150	0.00925501
0.15294480	0.36729294	0.00926702
0.15340687	0.34493135	0.00896944
0.15386894	0.35203033	0.00905017
0.15433101	0.35262450	0.00904669
0.15479308	0.33060242	0.00874899
0.15525515	0.34960038	0.00898580
0.15571721	0.35259964	0.00901329
0.15617928	0.34773702	0.00894009
0.15664135	0.35213121	0.00898550
0.15710342	0.34706130	0.00890985
0.15756549	0.34390482	0.00885847
0.15802756	0.34491189	0.00886077
0.15848963	0.35380465	0.00896353
0.15895170	0.34648066	0.00885965
0.15941377	0.34232628	0.00879590
0.15987583	0.34921396	0.00887414
0.16033790	0.34937089	0.00890473
0.16079997	0.34292199	0.00909695
0.16126204	0.33283463	0.00913000
0.16172411	0.36541359	0.00965089
0.16218618	0.35197524	0.00951943
0.16264825	0.35150748	0.00955402
0.16311032	0.34066856	0.00944103
0.16357239	0.32090953	0.00919429
0.16403445	0.33426076	0.00941271
0.16449652	0.34079167	0.00953133
0.16495859	0.31813975	0.00923359
0.16542066	0.32841438	0.00940467
0.16588273	0.32868712	0.00947268
0.16634480	0.33779616	0.01001145
0.16680687	0.34379934	0.01038788
0.16726894	0.34449280	0.01062936
0.16773101	0.32906626	0.01059134
0.16819307	0.35886049	0.01125871
0.16865514	0.34297317	0.01119240
0.16911721	0.31671714	0.01092893
0.16957928	0.32250243	0.01120011
0.17004135	0.29906151	0.01092074
0.17050342	0.32079040	0.01140573
0.17096549	0.34208843	0.01187430
0.17142756	0.32752665	0.01171125
0.17188963	0.32548309	0.01176554
0.17235169	0.35245532	0.01233682
0.17281376	0.33546091	0.01212606
0.17327583	0.32454926	0.01201538
0.17373790	0.40024886	0.01344056
0.17419997	0.28950109	0.01151314
0.17466204	0.31442118	0.01208390
0.17512411	0.31943359	0.01226574
0.17558618	0.32652232	0.01248779
0.17604825	0.31045091	0.01226104
0.17651031	0.32267120	0.01258612
0.17697238	0.29708001	0.01216076
0.17743445	0.33731899	0.01304670
0.17789652	0.32210475	0.01283371
0.17835859	0.30743521	0.01262266
0.17882066	0.32314120	0.01302809
0.17928273	0.30284155	0.01269681
0.17974480	0.30600919	0.01285188
0.18020687	0.30214432	0.01285225
0.18066893	0.31516564	0.01321380
0.18113100	0.32031630	0.01341008
0.18159307	0.29702040	0.01299921
0.18205514	0.30660847	0.01329530
0.18251721	0.32544114	0.01378878
0.18297928	0.32028920	0.01377039
0.18344135	0.30513081	0.01353030
0.18390342	0.32286066	0.01401088
0.18436549	0.32447767	0.01413999
0.18482755	0.31340489	0.01398992
0.18528962	0.30810514	0.01396448
0.18575169	0.31156626	0.01413747
0.18621376	0.30802248	0.01415203
0.18667583	0.28680478	0.01374870
0.18713790	0.30657453	0.01431163
0.18759997	0.30717832	0.01442384
0.18806204	0.33317093	0.01512506
0.18852411	0.33154446	0.01519239
0.18898617	0.32426810	0.01512914
0.18944824	0.31582142	0.01503507
0.18991031	0.31162307	0.01503970
0.19037238	0.29034446	0.01461969
0.19083445	0.30759711	0.01515474
0.19129652	0.29048232	0.01483244
0.19175859	0.29387682	0.01502628
0.19222066	0.32957894	0.01602825
0.19268273	0.29721011	0.01533198
0.19314479	0.31848774	0.01598808
0.19360686	0.32772185	0.01633845
0.19406893	0.33318395	0.01659716
0.19453100	0.32698073	0.01656582
0.19499307	0.30021997	0.01599409
0.19545514	0.31089655	0.01640078
0.19591721	0.30320179	0.01632183
0.19637928	0.30767135	0.01657007
0.19684135	0.31436829	0.01688147
0.19730341	0.30458262	0.01674892
0.19776548	0.30849731	0.01699176
0.19822755	0.34370473	0.01808090
0.19868962	0.30719745	0.01723408
0.19915169	0.30905225	0.01742954
0.19961376	0.30540636	0.01747191
0.20007583	0.33860052	0.01855318
0.20053790	0.31867030	0.01815356
0.20099997	0.31538298	0.01821679
0.20146203	0.28919499	0.01759773
0.20192410	0.30007228	0.01808552
0.20238617	0.30000781	0.01824702
0.20284824	0.32378010	0.01912980
0.20331031	0.28639433	0.01815857
0.20377238	0.28047077	0.01813902
0.20423445	0.31517478	0.01941222
0.20469652	0.29355822	0.01891633
0.20515859	0.31386267	0.01975210
0.20562065	0.31227047	0.01989889
0.20608272	0.25316221	0.01809886
0.20654479	0.29951687	0.01988944
0.20700686	0.26335147	0.01884580
0.20746893	0.24686410	0.01844115
0.20793100	0.29714218	0.02045195
0.20839307	0.34343328	0.02223064
0.20885514	0.29579536	0.02086378
0.20931721	0.29308589	0.02100650
0.20977927	0.26916824	0.02036685
0.21024134	0.29451670	0.02155876
0.21070341	0.34039668	0.02345980
0.21116548	0.32105716	0.02306731
0.21162755	0.30403965	0.02273326
0.21208962	0.33514143	0.02417821
0.21255169	0.31043937	0.02357985
0.21301376	0.32996126	0.02464124
0.21347583	0.26146651	0.02224134
0.21393789	0.32351688	0.02509425
0.21439996	0.24240198	0.02204077
0.21486203	0.26718346	0.02348905
0.21532410	0.29206746	0.02493928
0.21578617	0.28109242	0.02485644
0.21624824	0.29366557	0.02582354
0.21671031	0.26531343	0.02496087
0.21717238	0.27575260	0.02589176
0.21763445	0.23831545	0.02450452
0.21809651	0.35058928	0.03027628
0.21855858	0.25737117	0.02644240
0.21902065	0.24110770	0.02610664
0.21948272	0.26295578	0.02783189
0.21994479	0.24155773	0.02725382
0.22040686	0.30668217	0.03140274
0.22086893	0.23607261	0.02820197
0.22133100	0.28778052	0.03190717
0.22179307	0.29355962	0.03306144
0.22225513	0.31828774	0.03536460
0.22271720	0.26801855	0.03338563
0.22317927	0.22543747	0.03155124
0.22364134	0.31814784	0.03869374
0.22410341	0.37254598	0.04331542
0.22456548	0.30483999	0.04063011
0.22502755	0.37648270	0.04695009
0.22548962	0.36480813	0.04821032
0.22595169	0.35475147	0.04978056
0.22641375	0.25178879	0.04411459
0.22687582	0.29180541	0.05023361
0.22733789	0.22819845	0.04731645
0.22779996	0.28682787	0.05701217
0.22826203	0.23216269	0.05578962
0.22872410	0.51940998	0.09230180
0.22918617	0.53582202	0.10635501
0.22964824	0.71515204	0.14545493
0.23011031	0.54463860	0.16395354
