0.00646896	26.92834018	2.31938945
0.00693103	19.82881137	0.23572290
0.00739310	17.11509613	0.17120913
0.00785517	14.52439683	0.15127693
0.00831724	12.18991083	0.13404801
0.00877931	10.19837494	0.11865662
0.00924138	8.63482838	0.10568845
0.00970345	7.30796081	0.09474147
0.01016552	6.36347337	0.08631514
0.01062758	5.59820401	0.07894557
0.01108965	4.90811302	0.07221150
0.01155172	4.57178168	0.06809085
0.01201379	4.11831441	0.06325944
0.01247586	3.74176808	0.05909758
0.01293793	3.45001839	0.05566071
0.01340000	3.23222501	0.05290678
0.01386207	3.03500746	0.05035600
0.01432414	2.85194396	0.04799269
0.01478620	2.62404458	0.04529344
0.01524827	2.57777767	0.04415047
0.01571034	2.54456222	0.04319482
0.01617241	2.37497042	0.04110479
0.01663448	2.36181897	0.04040033
0.01709655	2.23114215	0.03870801
0.01755862	2.24069080	0.03894188
0.01802069	2.20782560	0.03917258
0.01848276	2.19437342	0.03914522
0.01894482	2.08596226	0.03815577
0.01940689	2.09670727	0.03814647
0.01986896	2.02914537	0.03739770
0.02033103	2.00054172	0.03699942
0.02079310	2.00515268	0.03688871
0.02125517	2.00287593	0.03669319
0.02171724	1.99295050	0.03642931
0.02217931	1.96200366	0.03595765
0.02264138	1.95618135	0.03571795
0.02310344	1.95438482	0.03551131
0.02356551	1.91918223	0.03499480
0.02402758	2.04083478	0.03588396
0.02448965	1.98279044	0.03518339
0.02495172	2.00745625	0.03520862
0.02541379	2.09106259	0.03573655
0.02587586	2.11551969	0.03574263
0.02633793	2.10753017	0.03548250
0.02680000	2.15007842	0.03563478
0.02726206	2.20511383	0.03589686
0.02772413	2.27839189	0.03628355
0.02818620	2.30916514	0.03632654
0.02864827	2.29663054	0.03603797
0.02911034	2.34510120	0.03621809
0.02957241	2.35889756	0.03612519
0.03003448	2.42222900	0.03641871
0.03049655	2.52956091	0.03702161
0.03095862	2.57079866	0.03712249
0.03142068	2.65243099	0.03751633
0.03188275	2.74639165	0.03797147
0.03234482	2.73614824	0.03770728
0.03280689	2.92523187	0.03878538
0.03326896	2.88598429	0.03833210
0.03373103	3.01697147	0.03899645
0.03419310	3.08270484	0.03922970
0.03465517	3.23670680	0.03999739
0.03511724	3.26732131	0.03998824
0.03557930	3.37596677	0.04045308
0.03604137	3.50389242	0.04191588
0.03650344	3.68861534	0.04367617
0.03696551	3.82294226	0.04477005
0.03742758	4.02233464	0.04603890
0.03788965	4.18152738	0.04696693
0.03835172	4.32334116	0.04790246
0.03881379	4.62940317	0.04981385
0.03927586	4.70409650	0.05043349
0.03973792	5.04588693	0.05243695
0.04019999	5.22536718	0.05342318
0.04066206	5.44957460	0.05448631
0.04112413	5.73945200	0.05583767
0.04158620	6.25285556	0.05819295
0.04204827	6.51476206	0.05930239
0.04251034	7.04105537	0.06154660
0.04297241	7.81239622	0.06471322
0.04343448	8.93160895	0.06906613
0.04389654	10.58191587	0.07503422
0.04435861	12.82593068	0.08244692
0.04482068	15.06067952	0.08916452
0.04528275	18.00178168	0.09728457
0.04574482	21.69177167	0.10657253
0.04620689	26.24917243	0.11698730
0.04666896	32.36002563	0.12961850
0.04713103	40.95060295	0.14550184
0.04759310	55.58368290	0.16915061
0.04805516	88.05840679	0.21244529
0.04851723	153.41725053	0.27979449
0.04897930	259.33101289	0.36297269
0.04944137	389.96284014	0.44412004
0.04990344	517.97636823	0.51071351
0.05036551	622.63348156	0.55869484
0.05082758	682.74611546	0.58372347
0.05128965	687.60295704	0.58448506
0.05175172	628.25897813	0.55744194
0.05221378	518.29088402	0.50517103
0.05267585	375.86744612	0.42923352
0.05313792	238.52885982	0.34116465
0.05359999	132.14962432	0.25336779
0.05406206	70.55141384	0.18470609
0.05452413	42.61486260	0.14322795
0.05498620	30.57260292	0.12104186
0.05544827	25.10717131	0.10944248
0.05591034	24.55257103	0.10798428
0.05637240	29.01043884	0.11711199
0.05683447	39.45463583	0.13626862
0.05729654	53.74159374	0.15868199
0.05775861	70.35711473	0.18115474
0.05822068	84.06482875	0.19757542
0.05868275	90.38978502	0.20441105
0.05914482	88.30029481	0.20158410
0.05960689	78.56319474	0.18972192
0.06006896	63.28663701	0.16990120
0.06053102	46.81779218	0.14580899
0.06099309	31.89657879	0.12008417
0.06145516	20.28446576	0.09555201
0.06191723	13.12646086	0.07669465
0.06237930	9.25583586	0.06426034
0.06284137	7.51321000	0.05776927
0.06330344	6.27653995	0.05268554
0.06376551	5.61943788	0.04974314
0.06422758	5.20821821	0.04778338
0.06468964	4.82154705	0.04587568
0.06515171	4.62999797	0.04485807
0.06561378	4.42438930	0.04375599
0.06607585	4.13413150	0.04220568
0.06653792	3.99878044	0.04141918
0.06699999	3.93171200	0.04098260
0.06746206	3.77512585	0.04007267
0.06792413	3.70894032	0.03963533
0.06838620	3.58956138	0.03890982
0.06884826	3.47522161	0.03820400
0.06931033	3.32286093	0.03727880
0.06977240	3.21941473	0.03661619
0.07023447	3.19587258	0.03640568
0.07069654	3.12788105	0.03594134
0.07115861	3.04153692	0.03536793
0.07162068	3.03657769	0.03526609
0.07208275	2.84791238	0.03408175
0.07254482	2.82544108	0.03387712
0.07300688	2.68009136	0.03292659
0.07346895	2.65677789	0.03271588
0.07393102	2.64642114	0.03258566
0.07439309	2.67180867	0.03267480
0.07485516	2.67051503	0.03260101
0.07531723	2.77858391	0.03318634
0.07577930	2.92117011	0.03395863
0.07624137	3.12246305	0.03503889
0.07670344	3.39186225	0.03644595
0.07716550	3.71510506	0.03806737
0.07762757	3.84936322	0.03867145
0.07808964	3.94049971	0.03904908
0.07855171	3.74179886	0.03797687
0.07901378	3.51454966	0.03673307
0.07947585	3.12707956	0.03458143
0.07993792	2.81812019	0.03276396
0.08039999	2.56626113	0.03120477
0.08086206	2.54972614	0.03104380
0.08132412	2.55614211	0.03102265
0.08178619	2.69219006	0.03177634
0.08224826	2.81033349	0.03240353
0.08271033	3.03383719	0.03360324
0.08317240	3.00076388	0.03335524
0.08363447	3.01876122	0.03339145
0.08409654	2.92067551	0.03278239
0.08455861	2.70670049	0.03149894
0.08502067	2.39774277	0.02959116
0.08548274	2.19858826	0.02828198
0.08594481	2.02564689	0.02709609
0.08640688	1.85413715	0.02587539
0.08686895	1.76947858	0.02523072
0.08733102	1.71388921	0.02478542
0.08779309	1.66264792	0.02436665
0.08825516	1.65871663	0.02429308
0.08871723	1.63939869	0.02410699
0.08917929	1.62645678	0.02396772
0.08964136	1.63026712	0.02395221
0.09010343	1.66646866	0.02417260
0.09056550	1.73380601	0.02461174
0.09102757	1.79904438	0.02502490
0.09148964	1.98203951	0.02621958
0.09195171	2.13030471	0.02713400
0.09241378	2.36295696	0.02852613
0.09287585	2.42550286	0.02884997
0.09333791	2.47968352	0.02911822
0.09379998	2.43529691	0.02880541
0.09426205	2.26800564	0.02774953
0.09472412	2.15318781	0.02699041
0.09518619	2.08172634	0.02649245
0.09564826	2.13417810	0.02677690
0.09611033	2.34058340	0.02799312
0.09657240	2.56042721	0.02922757
0.09703447	2.87273437	0.03090523
0.09749653	3.03678334	0.03172083
0.09795860	2.99844340	0.03146566
0.09842067	2.89460556	0.03086335
0.09888274	2.63073860	0.02937237
0.09934481	2.33707760	0.02763738
0.09980688	2.05679870	0.02588338
0.10026895	1.81317547	0.02426099
0.10073102	1.63111207	0.02297213
0.10119309	1.59941764	0.02270930
0.10165515	1.55522393	0.02235587
0.10211722	1.49734751	0.02189940
0.10257929	1.45018427	0.02151583
0.10304136	1.37516285	0.02091728
0.10350343	1.31707789	0.02043661
0.10396550	1.24774332	0.01985865
0.10442757	1.17995105	0.01927995
0.10488964	1.18737266	0.01930876
0.10535171	1.17952903	0.01921355
0.10581377	1.14525772	0.01890145
0.10627584	1.16709834	0.01905001
0.10673791	1.12026849	0.01863344
0.10719998	1.09753234	0.01841362
0.10766205	1.08309879	0.01826280
0.10812412	1.02746808	0.01775902
0.10858619	1.01270820	0.01760293
0.10904826	0.98247933	0.01731036
0.10951033	0.95555369	0.01704438
0.10997239	0.99443238	0.01736018
0.11043446	0.94682321	0.01691272
0.11089653	0.94672496	0.01688531
0.11135860	0.94576703	0.01685004
0.11182067	0.91330970	0.01653248
0.11228274	0.90537626	0.01643487
0.11274481	0.90595240	0.01641449
0.11320688	0.92393753	0.01655099
0.11366895	0.93025740	0.01658173
0.11413101	0.94141656	0.01665529
0.11459308	0.93383742	0.01656239
0.11505515	0.92741036	0.01647998
0.11551722	0.93205065	0.01649597
0.11597929	0.88954341	0.01609080
0.11644136	0.89058968	0.01607590
0.11690343	0.88012144	0.01595671
0.11736550	0.87768592	0.01591054
0.11782757	0.93229943	0.01637343
0.11828963	0.88688927	0.01594566
0.11875170	0.86126574	0.01569018
0.11921377	0.87721978	0.01581099
0.11967584	0.81801432	0.01524538
0.12013791	0.83919916	0.01541863
0.12059998	0.84666803	0.01546413
0.12106205	0.81909652	0.01518787
0.12152412	0.80535715	0.01503759
0.12198619	0.85719874	0.01549127
0.12244825	0.83975294	0.01531040
0.12291032	0.81983238	0.01510561
0.12337239	0.80686854	0.01496394
0.12383446	0.83718765	0.01522031
0.12429653	0.82105079	0.01505119
0.12475860	0.87139279	0.01548317
0.12522067	0.89266779	0.01564847
0.12568274	0.90198108	0.01570736
0.12614481	0.94350967	0.01604184
0.12660687	0.95136484	0.01608557
0.12706894	1.07493827	0.01707381
0.12753101	1.14030084	0.01756028
0.12799308	1.19140415	0.01792408
0.12845515	1.25950752	0.01840319
0.12891722	1.23423230	0.01819203
0.12937929	1.22640272	0.01810855
0.12984136	1.17098073	0.01766988
0.13030343	1.10974909	0.01717769
0.13076549	1.05315230	0.01671059
0.13122756	0.98897455	0.01617100
0.13168963	0.93308965	0.01568563
0.13215170	0.94936134	0.01580004
0.13261377	0.91056890	0.01545236
0.13307584	0.92267343	0.01553333
0.13353791	0.97485998	0.01594474
0.13399998	1.01477844	0.01624562
0.13446205	1.02841654	0.01633221
0.13492411	1.07937734	0.01670902
0.13538618	1.03261722	0.01632091
0.13584825	1.02233100	0.01621749
0.13631032	1.01259988	0.01611830
0.13677239	1.00619319	0.01604568
0.13723446	0.94705288	0.01554591
0.13769653	0.89907734	0.01512676
0.13815860	0.91535378	0.01524272
0.13862067	0.90146630	0.01510647
0.13908273	0.92883298	0.01531375
0.13954480	0.98481216	0.01574739
0.14000687	1.06360040	0.01634358
0.14046894	1.08450613	0.01648168
0.14093101	1.11345750	0.01667825
0.14139308	1.15341276	0.01695265
0.14185515	1.19755759	0.01725136
0.14231722	1.18976787	0.01717282
0.14277929	1.15852863	0.01692362
0.14324135	1.16795389	0.01697025
0.14370342	1.16959695	0.01696024
0.14416549	1.14135468	0.01673252
0.14462756	1.18605551	0.01703514
0.14508963	1.18463873	0.01700289
0.14555170	1.22154306	0.01724356
0.14601377	1.28577223	0.01766851
0.14647584	1.37735764	0.01826357
0.14693791	1.43746889	0.01863419
0.14739997	1.44149733	0.01863638
0.14786204	1.41606617	0.01844788
0.14832411	1.40483401	0.01835138
0.14878618	1.33344237	0.01785645
0.14924825	1.19834422	0.01690651
0.14971032	1.10452727	0.01621236
0.15017239	1.03712809	0.01568869
0.15063446	0.97698818	0.01520804
0.15109653	0.95807528	0.01504135
0.15155859	0.90103648	0.01456867
0.15202066	0.89636032	0.01451277
0.15248273	0.86697503	0.01425533
0.15294480	0.86346069	0.01420872
0.15340687	0.85097704	0.01408827
0.15386894	0.82803564	0.01388006
0.15433101	0.78189116	0.01347121
0.15479308	0.78013281	0.01343969
0.15525515	0.77643702	0.01339134
0.15571721	0.74515884	0.01310289
0.15617928	0.69064806	0.01259926
0.15664135	0.70171315	0.01268439
0.15710342	0.67585828	0.01243355
0.15756549	0.65115554	0.01218938
0.15802756	0.67450643	0.01239112
0.15848963	0.65137439	0.01216222
0.15895170	0.60522094	0.01170938
0.15941377	0.64426345	0.01206680
0.15987583	0.62568354	0.01187840
0.16033790	0.60021008	0.01167156
0.16079997	0.62163476	0.01224801
0.16126204	0.60553175	0.01231473
0.16172411	0.61102106	0.01247967
0.16218618	0.60120193	0.01244127
0.16264825	0.59942623	0.01247633
0.16311032	0.62959583	0.01283466
0.16357239	0.63326382	0.01291574
0.16403445	0.61011426	0.01271679
0.16449652	0.61169601	0.01276959
0.16495859	0.64469456	0.01314434
0.16542066	0.63892965	0.01311774
0.16588273	0.62024520	0.01301257
0.16634480	0.59077421	0.01323976
0.16680687	0.58140910	0.01350875
0.16726894	0.57015970	0.01367462
0.16773101	0.57504460	0.01400103
0.16819307	0.59410946	0.01448635
0.16865514	0.61012216	0.01492800
0.16911721	0.60787312	0.01514079
0.16957928	0.54256763	0.01452723
0.17004135	0.56600586	0.01502388
0.17050342	0.56905050	0.01519105
0.17096549	0.56857775	0.01530854
0.17142756	0.54945214	0.01516858
0.17188963	0.55690195	0.01538994
0.17235169	0.54753312	0.01537646
0.17281376	0.57494780	0.01587498
0.17327583	0.57196947	0.01595085
0.17373790	0.62103770	0.01674215
0.17419997	0.56382128	0.01606718
0.17466204	0.57410676	0.01632855
0.17512411	0.56643419	0.01633346
0.17558618	0.50804297	0.01557684
0.17604825	0.55911797	0.01645442
0.17651031	0.55042047	0.01643838
0.17697238	0.52953183	0.01623567
0.17743445	0.55637643	0.01675578
0.17789652	0.54764523	0.01673413
0.17835859	0.52443311	0.01648615
0.17882066	0.54927645	0.01698557
0.17928273	0.54257411	0.01699481
0.17974480	0.52916539	0.01690032
0.18020687	0.53360138	0.01707971
0.18066893	0.54614205	0.01739446
0.18113100	0.50799470	0.01688773
0.18159307	0.52698742	0.01731506
0.18205514	0.50676367	0.01709263
0.18251721	0.50418311	0.01716262
0.18297928	0.52244418	0.01758714
0.18344135	0.55331576	0.01822010
0.18390342	0.51183454	0.01764097
0.18436549	0.50304090	0.01760591
0.18482755	0.50313780	0.01772579
0.18528962	0.51174044	0.01799700
0.18575169	0.54458211	0.01869082
0.18621376	0.50684820	0.01815375
0.18667583	0.51233920	0.01837585
0.18713790	0.49360259	0.01815974
0.18759997	0.49916031	0.01838678
0.18806204	0.47605045	0.01807965
0.18852411	0.47653816	0.01821395
0.18898617	0.46233030	0.01806501
0.18944824	0.49359338	0.01879617
0.18991031	0.47378841	0.01854456
0.19037238	0.46940258	0.01858892
0.19083445	0.48205193	0.01897161
0.19129652	0.50557353	0.01956793
0.19175859	0.49631331	0.01952751
0.19222066	0.50772395	0.01989391
0.19268273	0.50804037	0.02004544
0.19314479	0.53163731	0.02065655
0.19360686	0.50920081	0.02036585
0.19406893	0.51048981	0.02054401
0.19453100	0.49957184	0.02047627
0.19499307	0.50513137	0.02074636
0.19545514	0.50517843	0.02090638
0.19591721	0.53372052	0.02165509
0.19637928	0.55623922	0.02227982
0.19684135	0.49777004	0.02124248
0.19730341	0.49585729	0.02137040
0.19776548	0.48819565	0.02137517
0.19822755	0.48833076	0.02155183
0.19868962	0.47763261	0.02148949
0.19915169	0.48548131	0.02184522
0.19961376	0.45784057	0.02139235
0.20007583	0.48583400	0.02222380
0.20053790	0.46405442	0.02190663
0.20099997	0.49452503	0.02281113
0.20146203	0.42776489	0.02140246
0.20192410	0.45548254	0.02228199
0.20238617	0.48093411	0.02310300
0.20284824	0.48899775	0.02350925
0.20331031	0.43101773	0.02227651
0.20377238	0.41810373	0.02214686
0.20423445	0.43383207	0.02277510
0.20469652	0.46552060	0.02382096
0.20515859	0.45795491	0.02385915
0.20562065	0.40750542	0.02273160
0.20608272	0.47342941	0.02475024
0.20654479	0.47344984	0.02500627
0.20700686	0.41838176	0.02375380
0.20746893	0.44393039	0.02472957
0.20793100	0.45893252	0.02541716
0.20839307	0.47603786	0.02617288
0.20885514	0.49280150	0.02692981
0.20931721	0.47660237	0.02678763
0.20977927	0.49405418	0.02759302
0.21024134	0.46312770	0.02703455
0.21070341	0.38869227	0.02506886
0.21116548	0.48990443	0.02849453
0.21162755	0.47985012	0.02855942
0.21208962	0.41698559	0.02696936
0.21255169	0.41992726	0.02742456
0.21301376	0.47213704	0.02947577
0.21347583	0.38854542	0.02711276
0.21393789	0.43704712	0.02916688
0.21439996	0.39103551	0.02799412
0.21486203	0.40428239	0.02889370
0.21532410	0.40178922	0.02925105
0.21578617	0.46902543	0.03210795
0.21624824	0.44283899	0.03171116
0.21671031	0.43862492	0.03209422
0.21717238	0.46898950	0.03376628
0.21763445	0.43004737	0.03291761
0.21809651	0.43398478	0.03368530
0.21855858	0.48327913	0.03623431
0.21902065	0.44192066	0.03534415
0.21948272	0.40170733	0.03439983
0.21994479	0.51740904	0.03988723
0.22040686	0.46674859	0.03874046
0.22086893	0.40718801	0.03703856
0.22133100	0.38672129	0.03698764
0.22179307	0.42584324	0.03981974
0.22225513	0.48319825	0.04357341
0.22271720	0.38341073	0.03993092
0.22317927	0.40330444	0.04220072
0.22364134	0.51052367	0.04901559
0.22410341	0.42536131	0.04628408
0.22456548	0.43981726	0.04880318
0.22502755	0.48214964	0.05313183
0.22548962	0.58550090	0.06107614
0.22595169	0.39532312	0.05255013
0.22641375	0.54020654	0.06461658
0.22687582	0.44880946	0.06229867
0.22733789	0.55165328	0.07356799
0.22779996	0.45707688	0.07197000
0.22826203	0.40744700	0.07390822
0.22872410	0.42432005	0.08342607
0.22918617	0.62062787	0.11446252
0.22964824	0.35644881	0.10268993
0.23011031	0.68728063	0.18417625
