0.00646896	142.52510724	5.33598466
0.00693103	29.46876670	0.28736536
0.00739310	9.55916664	0.12795205
0.00785517	7.65680281	0.10983668
0.00831724	6.17176640	0.09538166
0.00877931	5.21278619	0.08483234
0.00924138	4.36886126	0.07517697
0.00970345	3.87378937	0.06897791
0.01016552	3.34506525	0.06258095
0.01062758	3.11112653	0.05885214
0.01108965	2.72591961	0.05381528
0.01155172	2.50385273	0.05039070
0.01201379	2.26542959	0.04691815
0.01247586	2.25578890	0.04588603
0.01293793	1.98315416	0.04220037
0.01340000	1.99366903	0.04155153
0.01386207	1.88065549	0.03963930
0.01432414	1.74500174	0.03754072
0.01478620	1.74990031	0.03698762
0.01524827	1.66555088	0.03548882
0.01571034	1.60138555	0.03426676
0.01617241	1.62207122	0.03397022
0.01663448	1.63689152	0.03363346
0.01709655	1.53050008	0.03205929
0.01755862	1.53488616	0.03223028
0.01802069	1.60509970	0.03340034
0.01848276	1.53296596	0.03271822
0.01894482	1.46345992	0.03195931
0.01940689	1.44914961	0.03171334
0.01986896	1.41048463	0.03117974
0.02033103	1.40243566	0.03097866
0.02079310	1.47090668	0.03159456
0.02125517	1.43231802	0.03102974
0.02171724	1.40483603	0.03058549
0.02217931	1.38544613	0.03021594
0.02264138	1.42165975	0.03044947
0.02310344	1.46635148	0.03075960
0.02356551	1.47522442	0.03068135
0.02402758	1.47678761	0.03052499
0.02448965	1.45861630	0.03017656
0.02495172	1.48354717	0.03026750
0.02541379	1.54783723	0.03074622
0.02587586	1.53926369	0.03048839
0.02633793	1.58602763	0.03078100
0.02680000	1.61683693	0.03090154
0.02726206	1.62010973	0.03076899
0.02772413	1.56378687	0.03005968
0.02818620	1.57828400	0.03003234
0.02864827	1.60117600	0.03009084
0.02911034	1.67530489	0.03061200
0.02957241	1.65332205	0.03024366
0.03003448	1.70553801	0.03055960
0.03049655	1.70150092	0.03036329
0.03095862	1.73152334	0.03046612
0.03142068	1.72866018	0.03028678
0.03188275	1.73883844	0.03021383
0.03234482	1.75938700	0.03023682
0.03280689	1.83791260	0.03074329
0.03326896	1.83204976	0.03054107
0.03373103	1.91211801	0.03104537
0.03419310	1.91480932	0.03091803
0.03465517	1.95894378	0.03111652
0.03511724	2.04474340	0.03163412
0.03557930	2.10457049	0.03193995
0.03604137	2.10742761	0.03250720
0.03650344	2.08733049	0.03285553
0.03696551	2.26402688	0.03445320
0.03742758	2.20738219	0.03410552
0.03788965	2.23919448	0.03436929
0.03835172	2.31909036	0.03508382
0.03881379	2.46905256	0.03637917
0.03927586	2.48568815	0.03666100
0.03973792	2.64814132	0.03798737
0.04019999	2.63781109	0.03795712
0.04066206	2.81475832	0.03915855
0.04112413	2.94473567	0.03999588
0.04158620	3.16745479	0.04141774
0.04204827	3.33822465	0.04245029
0.04251034	3.82621404	0.04537011
0.04297241	4.38944069	0.04850712
0.04343448	5.92496513	0.05625268
0.04389654	8.32108010	0.06653759
0.04435861	10.90502396	0.07602270
0.04482068	13.11824266	0.08321615
0.04528275	15.70049875	0.09085376
0.04574482	19.67864031	0.10150684
0.04620689	24.28943742	0.11253552
0.04666896	30.03164014	0.12486826
0.04713103	39.16480004	0.14229390
0.04759310	58.98723101	0.17425246
0.04805516	113.54288797	0.24123574
0.04851723	238.73089687	0.34902487
0.04897930	438.43365469	0.47195291
0.04944137	641.34452044	0.56955341
0.04990344	761.25991772	0.61913999
0.05036551	781.64027892	0.62598207
0.05082758	707.33617162	0.59414230
0.05128965	576.51014381	0.53519004
0.05175172	409.58945951	0.45009551
0.05221378	241.16553258	0.34459524
0.05267585	123.39010013	0.24593279
0.05313792	65.59022668	0.17890115
0.05359999	39.51212743	0.13854270
0.05406206	25.49548382	0.11103502
0.05452413	17.17553085	0.09092898
0.05498620	12.11246422	0.07618784
0.05544827	8.81047742	0.06483160
0.05591034	6.88183592	0.05716947
0.05637240	5.70155269	0.05191834
0.05683447	5.13788540	0.04917440
0.05729654	4.79206241	0.04738420
0.05775861	4.31562760	0.04486603
0.05822068	4.12771020	0.04378046
0.05868275	3.92854456	0.04261481
0.05914482	3.71081531	0.04132472
0.05960689	3.52674938	0.04019715
0.06006896	3.39679780	0.03936183
0.06053102	3.23095195	0.03830400
0.06099309	3.07287893	0.03727232
0.06145516	2.92174132	0.03626427
0.06191723	2.82303824	0.03556720
0.06237930	2.73027225	0.03490103
0.06284137	2.72365323	0.03478244
0.06330344	2.54505268	0.03354900
0.06376551	2.52992861	0.03337651
0.06422758	2.41250869	0.03252121
0.06468964	2.33068787	0.03189564
0.06515171	2.29969673	0.03161444
0.06561378	2.30286256	0.03156784
0.06607585	2.18389225	0.03067569
0.06653792	2.13330897	0.03025273
0.06699999	2.03456735	0.02948117
0.06746206	1.99059056	0.02909870
0.06792413	1.96522591	0.02885119
0.06838620	1.88333203	0.02818396
0.06884826	1.87833632	0.02808693
0.06931033	1.78582462	0.02732910
0.06977240	1.74514666	0.02695881
0.07023447	1.76596440	0.02706234
0.07069654	1.71859265	0.02664131
0.07115861	1.68288832	0.02630817
0.07162068	1.62618233	0.02580773
0.07208275	1.57045681	0.02530880
0.07254482	1.57748931	0.02531317
0.07300688	1.55001764	0.02504034
0.07346895	1.49057210	0.02450516
0.07393102	1.47509192	0.02432801
0.07439309	1.47318524	0.02426269
0.07485516	1.47123562	0.02419773
0.07531723	1.43045719	0.02381141
0.07577930	1.37954788	0.02333674
0.07624137	1.37275031	0.02323258
0.07670344	1.34458247	0.02294689
0.07716550	1.33569159	0.02282551
0.07762757	1.29396750	0.02242114
0.07808964	1.26192645	0.02209796
0.07855171	1.28183345	0.02222771
0.07901378	1.23248764	0.02175273
0.07947585	1.22430266	0.02163803
0.07993792	1.20344155	0.02141061
0.08039999	1.21738719	0.02149240
0.08086206	1.19721427	0.02127228
0.08132412	1.15807983	0.02088121
0.08178619	1.14899974	0.02075922
0.08224826	1.11537049	0.02041376
0.08271033	1.13763399	0.02057720
0.08317240	1.07072751	0.01992451
0.08363447	1.03700399	0.01957091
0.08409654	1.08657152	0.01999531
0.08455861	1.08493328	0.01994239
0.08502067	1.03632172	0.01945396
0.08548274	1.01475684	0.01921405
0.08594481	1.02400753	0.01926532
0.08640688	0.97944665	0.01880643
0.08686895	1.04187159	0.01936039
0.08733102	1.00869545	0.01901450
0.08779309	0.98460701	0.01875112
0.08825516	0.96292394	0.01850941
0.08871723	0.96499698	0.01849540
0.08917929	0.94521898	0.01827139
0.08964136	0.93033951	0.01809410
0.09010343	0.89787153	0.01774320
0.09056550	0.93366392	0.01806082
0.09102757	0.89376881	0.01763860
0.09148964	0.88970307	0.01756678
0.09195171	0.92262913	0.01785692
0.09241378	0.91487315	0.01774988
0.09287585	0.88828842	0.01745909
0.09333791	0.87370797	0.01728422
0.09379998	0.89986491	0.01751003
0.09426205	0.87647077	0.01725052
0.09472412	0.87296735	0.01718571
0.09518619	0.87271010	0.01715320
0.09564826	0.87429772	0.01713857
0.09611033	0.86720147	0.01703920
0.09657240	0.88310429	0.01716495
0.09703447	0.87353331	0.01704213
0.09749653	0.90653854	0.01733128
0.09795860	0.90978223	0.01733236
0.09842067	0.92567843	0.01745333
0.09888274	0.98227089	0.01794799
0.09934481	1.14038389	0.01930571
0.09980688	1.30480429	0.02061568
0.10026895	1.37696991	0.02114223
0.10073102	1.36929681	0.02104787
0.10119309	1.32315700	0.02065516
0.10165515	1.16752978	0.01936997
0.10211722	0.98555464	0.01776689
0.10257929	0.90026681	0.01695244
0.10304136	0.79128244	0.01586697
0.10350343	0.76284041	0.01555321
0.10396550	0.70758493	0.01495465
0.10442757	0.68107306	0.01464774
0.10488964	0.70138291	0.01484016
0.10535171	0.67373630	0.01452106
0.10581377	0.64420127	0.01417602
0.10627584	0.64986673	0.01421522
0.10673791	0.67156799	0.01442704
0.10719998	0.66145796	0.01429492
0.10766205	0.63953094	0.01403344
0.10812412	0.65600597	0.01419020
0.10858619	0.64338451	0.01403066
0.10904826	0.63880764	0.01395820
0.10951033	0.63259188	0.01386805
0.10997239	0.60888418	0.01358419
0.11043446	0.62421805	0.01373242
0.11089653	0.62555219	0.01372552
0.11135860	0.63903141	0.01385065
0.11182067	0.58151478	0.01319196
0.11228274	0.60132452	0.01339387
0.11274481	0.59637444	0.01331785
0.11320688	0.61075743	0.01345665
0.11366895	0.61512324	0.01348371
0.11413101	0.59171685	0.01320439
0.11459308	0.58000290	0.01305276
0.11505515	0.59007389	0.01314540
0.11551722	0.58970249	0.01312123
0.11597929	0.60208088	0.01323797
0.11644136	0.55906467	0.01273701
0.11690343	0.57351013	0.01288080
0.11736550	0.56350786	0.01274868
0.11782757	0.56800246	0.01278018
0.11828963	0.56455523	0.01272217
0.11875170	0.53946588	0.01241771
0.11921377	0.55480380	0.01257403
0.11967584	0.57188243	0.01274709
0.12013791	0.52577400	0.01220430
0.12059998	0.54769946	0.01243770
0.12106205	0.54023971	0.01233453
0.12152412	0.55753498	0.01251180
0.12198619	0.53210543	0.01220521
0.12244825	0.52853416	0.01214639
0.12291032	0.55964034	0.01248045
0.12337239	0.54350168	0.01228132
0.12383446	0.50136632	0.01177849
0.12429653	0.53696509	0.01217191
0.12475860	0.54738547	0.01227155
0.12522067	0.52333622	0.01198167
0.12568274	0.54230202	0.01217938
0.12614481	0.53347784	0.01206255
0.12660687	0.50661261	0.01173818
0.12706894	0.52523297	0.01193479
0.12753101	0.52901941	0.01196073
0.12799308	0.53501732	0.01201134
0.12845515	0.53836201	0.01203178
0.12891722	0.54138293	0.01204856
0.12937929	0.51393666	0.01172254
0.12984136	0.51777598	0.01174978
0.13030343	0.52095163	0.01176931
0.13076549	0.52418922	0.01178936
0.13122756	0.49602067	0.01145234
0.13168963	0.51825870	0.01168998
0.13215170	0.52640906	0.01176533
0.13261377	0.49624044	0.01140734
0.13307584	0.52346497	0.01169996
0.13353791	0.50775787	0.01150733
0.13399998	0.51984624	0.01162755
0.13446205	0.52570221	0.01167698
0.13492411	0.52666279	0.01167161
0.13538618	0.53160642	0.01171035
0.13584825	0.52869975	0.01166252
0.13631032	0.53157739	0.01167841
0.13677239	0.56737997	0.01204910
0.13723446	0.55415146	0.01189168
0.13769653	0.54727665	0.01180187
0.13815860	0.53640640	0.01166850
0.13862067	0.52760969	0.01155699
0.13908273	0.53864426	0.01166175
0.13954480	0.54970305	0.01176511
0.14000687	0.52534466	0.01148630
0.14046894	0.53788242	0.01160725
0.14093101	0.52353700	0.01143635
0.14139308	0.53556488	0.01155184
0.14185515	0.56493550	0.01184880
0.14231722	0.54406134	0.01161273
0.14277929	0.54886315	0.01164855
0.14324135	0.55488731	0.01169709
0.14370342	0.55303220	0.01166243
0.14416549	0.54272234	0.01153825
0.14462756	0.57297534	0.01184026
0.14508963	0.56876342	0.01178137
0.14555170	0.58802966	0.01196389
0.14601377	0.59641090	0.01203346
0.14647584	0.60741336	0.01212843
0.14693791	0.61757266	0.01221392
0.14739997	0.68993501	0.01289314
0.14786204	0.69301755	0.01290556
0.14832411	0.77238288	0.01360732
0.14878618	0.97082398	0.01523625
0.14924825	1.28721577	0.01752221
0.14971032	1.92106128	0.02138103
0.15017239	2.72758140	0.02544247
0.15063446	3.28196260	0.02787375
0.15109653	3.52825594	0.02886470
0.15155859	3.32561903	0.02798884
0.15202066	2.91920086	0.02619033
0.15248273	2.37192742	0.02357897
0.15294480	1.77612665	0.02037842
0.15340687	1.31214959	0.01749406
0.15386894	1.02062928	0.01540993
0.15433101	0.83159101	0.01389276
0.15479308	0.71610336	0.01287635
0.15525515	0.61561218	0.01192407
0.15571721	0.59531736	0.01171162
0.15617928	0.56374372	0.01138302
0.15664135	0.53872596	0.01111409
0.15710342	0.52165839	0.01092346
0.15756549	0.51863824	0.01087857
0.15802756	0.50341356	0.01070484
0.15848963	0.48960379	0.01054435
0.15895170	0.50031188	0.01064627
0.15941377	0.47027042	0.01030942
0.15987583	0.46599738	0.01025115
0.16033790	0.45611298	0.01017451
0.16079997	0.46013253	0.01053754
0.16126204	0.42292099	0.01029167
0.16172411	0.43032895	0.01047310
0.16218618	0.41453511	0.01033083
0.16264825	0.44990213	0.01080881
0.16311032	0.43797646	0.01070481
0.16357239	0.41973504	0.01051513
0.16403445	0.41231277	0.01045407
0.16449652	0.42062175	0.01058900
0.16495859	0.41259857	0.01051540
0.16542066	0.41814683	0.01061199
0.16588273	0.41151975	0.01059929
0.16634480	0.39215368	0.01078692
0.16680687	0.40161353	0.01122738
0.16726894	0.42310078	0.01177983
0.16773101	0.42494241	0.01203578
0.16819307	0.41170340	0.01205919
0.16865514	0.42940419	0.01252352
0.16911721	0.37635594	0.01191356
0.16957928	0.39807291	0.01244334
0.17004135	0.40252427	0.01266974
0.17050342	0.39712014	0.01269034
0.17096549	0.37474612	0.01242818
0.17142756	0.38784904	0.01274416
0.17188963	0.39400033	0.01294482
0.17235169	0.38305564	0.01286122
0.17281376	0.37315236	0.01278916
0.17327583	0.39108816	0.01318969
0.17373790	0.48888241	0.01485438
0.17419997	0.38360144	0.01325284
0.17466204	0.38044216	0.01329216
0.17512411	0.36303613	0.01307611
0.17558618	0.36068884	0.01312488
0.17604825	0.36646407	0.01332130
0.17651031	0.36961582	0.01347061
0.17697238	0.38213544	0.01379217
0.17743445	0.37173007	0.01369601
0.17789652	0.36640443	0.01368781
0.17835859	0.36185717	0.01369439
0.17882066	0.39302964	0.01436804
0.17928273	0.39430757	0.01448787
0.17974480	0.38127590	0.01434561
0.18020687	0.36378730	0.01410249
0.18066893	0.37042700	0.01432549
0.18113100	0.36834095	0.01438026
0.18159307	0.38695353	0.01483725
0.18205514	0.36176375	0.01444171
0.18251721	0.35729127	0.01444777
0.18297928	0.34816183	0.01435707
0.18344135	0.34705880	0.01442998
0.18390342	0.37428993	0.01508557
0.18436549	0.35363262	0.01476158
0.18482755	0.37793984	0.01536291
0.18528962	0.32598368	0.01436392
0.18575169	0.33794003	0.01472368
0.18621376	0.35327111	0.01515589
0.18667583	0.36645475	0.01554099
0.18713790	0.38310782	0.01599858
0.18759997	0.37673349	0.01597360
0.18806204	0.34132145	0.01530894
0.18852411	0.36839543	0.01601446
0.18898617	0.35366096	0.01579995
0.18944824	0.37015484	0.01627708
0.18991031	0.35175961	0.01597891
0.19037238	0.33183029	0.01562930
0.19083445	0.34572088	0.01606646
0.19129652	0.39621642	0.01732284
0.19175859	0.39468241	0.01741377
0.19222066	0.38448726	0.01731201
0.19268273	0.34741531	0.01657643
0.19314479	0.37842541	0.01742770
0.19360686	0.32603376	0.01629631
0.19406893	0.36616287	0.01739918
0.19453100	0.38205778	0.01790673
0.19499307	0.35325702	0.01734943
0.19545514	0.35122804	0.01743215
0.19591721	0.36615392	0.01793638
0.19637928	0.36831021	0.01812958
0.19684135	0.35170307	0.01785578
0.19730341	0.34287287	0.01777055
0.19776548	0.35882282	0.01832537
0.19822755	0.36238730	0.01856580
0.19868962	0.33342565	0.01795472
0.19915169	0.33122787	0.01804403
0.19961376	0.34819398	0.01865572
0.20007583	0.33513772	0.01845806
0.20053790	0.39754559	0.02027610
0.20099997	0.37902454	0.01997038
0.20146203	0.42636173	0.02136733
0.20192410	0.43284629	0.02172126
0.20238617	0.39794346	0.02101533
0.20284824	0.38094828	0.02075001
0.20331031	0.37657170	0.02082204
0.20377238	0.40253523	0.02173062
0.20423445	0.34444408	0.02029359
0.20469652	0.36901328	0.02120854
0.20515859	0.33406581	0.02037791
0.20562065	0.36848259	0.02161583
0.20608272	0.33591171	0.02084800
0.20654479	0.32746718	0.02079677
0.20700686	0.32868297	0.02105403
0.20746893	0.31575260	0.02085607
0.20793100	0.35311395	0.02229513
0.20839307	0.31749392	0.02137462
0.20885514	0.37813748	0.02358968
0.20931721	0.36110501	0.02331702
0.20977927	0.30491121	0.02167697
0.21024134	0.32855855	0.02277064
0.21070341	0.31780545	0.02266795
0.21116548	0.34745989	0.02399706
0.21162755	0.35097781	0.02442511
0.21208962	0.36826521	0.02534489
0.21255169	0.37104420	0.02577897
0.21301376	0.32094955	0.02430242
0.21347583	0.36503234	0.02627959
0.21393789	0.40761943	0.02816782
0.21439996	0.37307706	0.02734374
0.21486203	0.37019943	0.02764895
0.21532410	0.29780149	0.02518290
0.21578617	0.33790167	0.02725270
0.21624824	0.34247256	0.02788702
0.21671031	0.39145203	0.03031932
0.21717238	0.38866801	0.03073910
0.21763445	0.34657098	0.02955059
0.21809651	0.36305887	0.03081000
0.21855858	0.41712074	0.03366292
0.21902065	0.38403373	0.03294808
0.21948272	0.35935403	0.03253589
0.21994479	0.35016047	0.03281334
0.22040686	0.35199731	0.03364287
0.22086893	0.28628264	0.03105661
0.22133100	0.28612932	0.03181550
0.22179307	0.35161867	0.03618341
0.22225513	0.45687590	0.04236995
0.22271720	0.36663386	0.03904752
0.22317927	0.33516572	0.03847097
0.22364134	0.32112778	0.03887453
0.22410341	0.38936177	0.04428221
0.22456548	0.33212668	0.04240957
0.22502755	0.22400840	0.03621563
0.22548962	0.28237605	0.04241522
0.22595169	0.35351213	0.04969353
0.22641375	0.43231200	0.05780464
0.22687582	0.24570308	0.04609492
0.22733789	0.34103326	0.05784345
0.22779996	0.40846375	0.06803519
0.22826203	0.37474944	0.07088065
0.22872410	0.42052238	0.08305190
0.22918617	0.42927109	0.09519486
0.22964824	0.34102893	0.10044420
0.23011031	0.17553931	0.09307944
