0.00646896	44.07871479	2.96744956
0.00693103	38.30162489	0.32761369
0.00739310	34.35599973	0.24257081
0.00785517	29.29744966	0.21485158
0.00831724	25.46424079	0.19374276
0.00877931	21.19165438	0.17104442
0.00924138	18.34878587	0.15406513
0.00970345	15.72085812	0.13895690
0.01016552	13.72267694	0.12675331
0.01062758	12.07569453	0.11594699
0.01108965	10.68968248	0.10656915
0.01155172	9.79476945	0.09966510
0.01201379	8.49610765	0.09086061
0.01247586	7.92916930	0.08602904
0.01293793	7.20139980	0.08041675
0.01340000	6.72697139	0.07632562
0.01386207	6.28650331	0.07247295
0.01432414	5.78993012	0.06838192
0.01478620	5.38487582	0.06488400
0.01524827	4.99054184	0.06143084
0.01571034	4.81417767	0.05941365
0.01617241	4.47903354	0.05644891
0.01663448	4.27641066	0.05436274
0.01709655	4.03088727	0.05202805
0.01755862	3.83251002	0.05092929
0.01802069	3.79174011	0.05133566
0.01848276	3.58746071	0.05005149
0.01894482	3.42634161	0.04890152
0.01940689	3.34766736	0.04820106
0.01986896	3.32237481	0.04785338
0.02033103	3.17738208	0.04662898
0.02079310	3.20890828	0.04666577
0.02125517	3.02157532	0.04506871
0.02171724	3.08262785	0.04530678
0.02217931	2.90427986	0.04374824
0.02264138	2.85655668	0.04316218
0.02310344	2.83309297	0.04275550
0.02356551	2.76770675	0.04202478
0.02402758	2.77110129	0.04181409
0.02448965	2.78628319	0.04170728
0.02495172	2.69399097	0.04078721
0.02541379	2.75023690	0.04098398
0.02587586	2.69369961	0.04033226
0.02633793	2.66165006	0.03987519
0.02680000	2.66612639	0.03968143
0.02726206	2.62168117	0.03914091
0.02772413	2.65432721	0.03916271
0.02818620	2.66442191	0.03902097
0.02864827	2.67701551	0.03890812
0.02911034	2.71527663	0.03897192
0.02957241	2.70850408	0.03870975
0.03003448	2.69391160	0.03840685
0.03049655	2.71661169	0.03836600
0.03095862	2.74905113	0.03838791
0.03142068	2.79650548	0.03852177
0.03188275	2.81206197	0.03842276
0.03234482	2.89338361	0.03877559
0.03280689	2.85111624	0.03829088
0.03326896	2.97172538	0.03889735
0.03373103	3.08732900	0.03944854
0.03419310	3.11447732	0.03943134
0.03465517	3.16421671	0.03954696
0.03511724	3.23660826	0.03979985
0.03557930	3.31083143	0.04006093
0.03604137	3.30056497	0.04068154
0.03650344	3.32641073	0.04147637
0.03696551	3.30845937	0.04164872
0.03742758	3.28768889	0.04162280
0.03788965	3.35640685	0.04207867
0.03835172	3.35594950	0.04220421
0.03881379	3.46728673	0.04311044
0.03927586	3.60212044	0.04413265
0.03973792	3.64468434	0.04456548
0.04019999	3.89364292	0.04611577
0.04066206	3.90432232	0.04611890
0.04112413	3.94518628	0.04629412
0.04158620	4.13307147	0.04731160
0.04204827	4.24230270	0.04785460
0.04251034	4.49492421	0.04917523
0.04297241	4.51696630	0.04920671
0.04343448	4.76729172	0.05045871
0.04389654	5.07676204	0.05197214
0.04435861	5.28807690	0.05293938
0.04482068	5.56360014	0.05419357
0.04528275	5.86699402	0.05553848
0.04574482	6.27803179	0.05733364
0.04620689	7.14930032	0.06105380
0.04666896	8.80704047	0.06762037
0.04713103	11.65872375	0.07763612
0.04759310	14.88353809	0.08752921
0.04805516	19.61319614	0.10026189
0.04851723	27.87739413	0.11926915
0.04897930	35.82526716	0.13490916
0.04944137	36.41251526	0.13571070
0.04990344	30.71148824	0.12435773
0.05036551	22.80892827	0.10693278
0.05082758	17.16990302	0.09256812
0.05128965	15.21270167	0.08693761
0.05175172	16.42395415	0.09012995
0.05221378	22.00270694	0.10408537
0.05267585	33.88904222	0.12888605
0.05313792	48.79153083	0.15429995
0.05359999	61.78555801	0.17324548
0.05406206	73.50137047	0.18852810
0.05452413	85.48071427	0.20285293
0.05498620	91.89037089	0.20984778
0.05544827	88.94890546	0.20599532
0.05591034	87.52491725	0.20388153
0.05637240	97.76159778	0.21498510
0.05683447	109.49125947	0.22700560
0.05729654	115.97281921	0.23310440
0.05775861	121.50279301	0.23806131
0.05822068	122.76117181	0.23875708
0.05868275	118.34608943	0.23389538
0.05914482	108.99321550	0.22396231
0.05960689	95.74743417	0.20944574
0.06006896	79.72383904	0.19069291
0.06053102	62.82722904	0.16890900
0.06099309	48.53668487	0.14813196
0.06145516	37.42223246	0.12978452
0.06191723	27.20167191	0.11040508
0.06237930	18.81554419	0.09162070
0.06284137	13.76440113	0.07819209
0.06330344	11.37893535	0.07093851
0.06376551	9.73278251	0.06546441
0.06422758	8.59499213	0.06138398
0.06468964	8.04360299	0.05925358
0.06515171	7.63360740	0.05759902
0.06561378	7.21441960	0.05587423
0.06607585	6.93594052	0.05466777
0.06653792	6.58038187	0.05313287
0.06699999	6.35920002	0.05212066
0.06746206	6.08472559	0.05087484
0.06792413	5.84008544	0.04973557
0.06838620	5.74682782	0.04923259
0.06884826	5.52438981	0.04816812
0.06931033	5.56946025	0.04826279
0.06977240	5.32587549	0.04709559
0.07023447	4.97970544	0.04544397
0.07069654	4.74995112	0.04429082
0.07115861	4.48953737	0.04296985
0.07162068	4.41065219	0.04250270
0.07208275	4.27037305	0.04173414
0.07254482	4.08682918	0.04074333
0.07300688	3.94915775	0.03996909
0.07346895	3.71195051	0.03867070
0.07393102	3.64773364	0.03825679
0.07439309	3.56540294	0.03774545
0.07485516	3.57548521	0.03772255
0.07531723	3.46822357	0.03707671
0.07577930	3.39821549	0.03662665
0.07624137	3.34289743	0.03625461
0.07670344	3.39617157	0.03646909
0.07716550	3.31669622	0.03596832
0.07762757	3.17820786	0.03513882
0.07808964	3.13080758	0.03480674
0.07855171	2.93639338	0.03364233
0.07901378	2.90718904	0.03340866
0.07947585	2.74591279	0.03240536
0.07993792	2.61640182	0.03156958
0.08039999	2.59671625	0.03138939
0.08086206	2.49713983	0.03072201
0.08132412	2.39829831	0.03004955
0.08178619	2.41913086	0.03012178
0.08224826	2.33761366	0.02955288
0.08271033	2.33762163	0.02949661
0.08317240	2.26213305	0.02896058
0.08363447	2.18067241	0.02838024
0.08409654	2.15717134	0.02817353
0.08455861	2.14515822	0.02804177
0.08502067	2.04108150	0.02730178
0.08548274	2.07687696	0.02748800
0.08594481	2.01402196	0.02701823
0.08640688	2.04072467	0.02714615
0.08686895	1.94831710	0.02647505
0.08733102	1.89307771	0.02604889
0.08779309	1.92877180	0.02624437
0.08825516	1.88724984	0.02591261
0.08871723	1.84558608	0.02557807
0.08917929	1.83103913	0.02543046
0.08964136	1.82209795	0.02532223
0.09010343	1.73826095	0.02468780
0.09056550	1.74405591	0.02468438
0.09102757	1.72426246	0.02449927
0.09148964	1.73435941	0.02452671
0.09195171	1.67432463	0.02405541
0.09241378	1.62660566	0.02366770
0.09287585	1.66433156	0.02389816
0.09333791	1.57911099	0.02323663
0.09379998	1.55752822	0.02303648
0.09426205	1.51871023	0.02270759
0.09472412	1.54620247	0.02287188
0.09518619	1.53382302	0.02274039
0.09564826	1.49891377	0.02244054
0.09611033	1.49567046	0.02237727
0.09657240	1.53225595	0.02261008
0.09703447	1.51053695	0.02241042
0.09749653	1.55729496	0.02271554
0.09795860	1.59844494	0.02297406
0.09842067	1.62258440	0.02310745
0.09888274	1.65839289	0.02332082
0.09934481	1.72536705	0.02374658
0.09980688	1.77447931	0.02404144
0.10026895	1.77968017	0.02403586
0.10073102	1.77713076	0.02397833
0.10119309	1.73226140	0.02363358
0.10165515	1.67588465	0.02320690
0.10211722	1.48314641	0.02179531
0.10257929	1.43033768	0.02136809
0.10304136	1.40479034	0.02114141
0.10350343	1.34489140	0.02065127
0.10396550	1.28904905	0.02018468
0.10442757	1.30720284	0.02029296
0.10488964	1.23328055	0.01967850
0.10535171	1.20577399	0.01942613
0.10581377	1.19798452	0.01933166
0.10627584	1.18953182	0.01923222
0.10673791	1.19695597	0.01926066
0.10719998	1.19118949	0.01918319
0.10766205	1.18498508	0.01910248
0.10812412	1.17738276	0.01901050
0.10858619	1.20124555	0.01917162
0.10904826	1.22781097	0.01935129
0.10951033	1.24015399	0.01941742
0.10997239	1.27239624	0.01963712
0.11043446	1.27301659	0.01961083
0.11089653	1.31167858	0.01987517
0.11135860	1.28129062	0.01961249
0.11182067	1.32772570	0.01993348
0.11228274	1.34398950	0.02002395
0.11274481	1.29908239	0.01965590
0.11320688	1.27084320	0.01941103
0.11366895	1.20428977	0.01886661
0.11413101	1.22535381	0.01900169
0.11459308	1.16825638	0.01852492
0.11505515	1.13602193	0.01823954
0.11551722	1.13432062	0.01819809
0.11597929	1.09792048	0.01787637
0.11644136	1.09078003	0.01779119
0.11690343	1.07908163	0.01766848
0.11736550	1.03450146	0.01727352
0.11782757	0.98949105	0.01686817
0.11828963	0.99881174	0.01692192
0.11875170	0.97112352	0.01666083
0.11921377	0.95597888	0.01650551
0.11967584	0.94420269	0.01637911
0.12013791	0.95472599	0.01644571
0.12059998	0.92336666	0.01614939
0.12106205	0.92801928	0.01616619
0.12152412	0.95302684	0.01635824
0.12198619	0.92362807	0.01608033
0.12244825	0.89505976	0.01580654
0.12291032	0.88896345	0.01572960
0.12337239	0.90355873	0.01583518
0.12383446	0.89139333	0.01570532
0.12429653	0.84018968	0.01522560
0.12475860	0.86311232	0.01540943
0.12522067	0.84465961	0.01522186
0.12568274	0.85633774	0.01530478
0.12614481	0.87472823	0.01544605
0.12660687	0.86013164	0.01529485
0.12706894	0.83210470	0.01502200
0.12753101	0.80023952	0.01471065
0.12799308	0.82603855	0.01492477
0.12845515	0.80093967	0.01467549
0.12891722	0.81498295	0.01478281
0.12937929	0.81887545	0.01479708
0.12984136	0.81363108	0.01472897
0.13030343	0.82083788	0.01477342
0.13076549	0.80120723	0.01457534
0.13122756	0.84380919	0.01493710
0.13168963	0.82493627	0.01474859
0.13215170	0.82000064	0.01468418
0.13261377	0.79100932	0.01440221
0.13307584	0.83632159	0.01478861
0.13353791	0.81924411	0.01461682
0.13399998	0.79907517	0.01441599
0.13446205	0.78927686	0.01430788
0.13492411	0.80801603	0.01445687
0.13538618	0.79450390	0.01431603
0.13584825	0.79517358	0.01430273
0.13631032	0.77455888	0.01409703
0.13677239	0.77430832	0.01407585
0.13723446	0.75631941	0.01389254
0.13769653	0.75667491	0.01387721
0.13815860	0.75170839	0.01381315
0.13862067	0.77341444	0.01399247
0.13908273	0.75617690	0.01381734
0.13954480	0.77324227	0.01395371
0.14000687	0.76943635	0.01390094
0.14046894	0.74392036	0.01365051
0.14093101	0.73708500	0.01356977
0.14139308	0.71797523	0.01337519
0.14185515	0.71047914	0.01328773
0.14231722	0.71319607	0.01329581
0.14277929	0.74167886	0.01354091
0.14324135	0.71435825	0.01327191
0.14370342	0.73544588	0.01344897
0.14416549	0.71559739	0.01324907
0.14462756	0.69070174	0.01299986
0.14508963	0.69126379	0.01298828
0.14555170	0.71478859	0.01319051
0.14601377	0.71425245	0.01316872
0.14647584	0.71485978	0.01315748
0.14693791	0.72037430	0.01319138
0.14739997	0.71432795	0.01311909
0.14786204	0.71195554	0.01308070
0.14832411	0.71135860	0.01305872
0.14878618	0.70713768	0.01300349
0.14924825	0.71569135	0.01306550
0.14971032	0.71111121	0.01300849
0.15017239	0.71786144	0.01305241
0.15063446	0.70581745	0.01292631
0.15109653	0.71468895	0.01299109
0.15155859	0.72379301	0.01305738
0.15202066	0.71222566	0.01293653
0.15248273	0.72429891	0.01302966
0.15294480	0.76578298	0.01338094
0.15340687	0.80887917	0.01373538
0.15386894	0.76289141	0.01332288
0.15433101	0.78245977	0.01347611
0.15479308	0.75259673	0.01320037
0.15525515	0.73004764	0.01298513
0.15571721	0.70093141	0.01270809
0.15617928	0.69497238	0.01263864
0.15664135	0.67793681	0.01246765
0.15710342	0.65513588	0.01224145
0.15756549	0.66205548	0.01229098
0.15802756	0.67788117	0.01242208
0.15848963	0.66385736	0.01227820
0.15895170	0.63680768	0.01201106
0.15941377	0.64542983	0.01207771
0.15987583	0.64035431	0.01201685
0.16033790	0.65567498	0.01219893
0.16079997	0.62065328	0.01223834
0.16126204	0.65383360	0.01279646
0.16172411	0.62668516	0.01263863
0.16218618	0.62220154	0.01265669
0.16264825	0.64316194	0.01292347
0.16311032	0.63923908	0.01293258
0.16357239	0.61511541	0.01272932
0.16403445	0.59513273	0.01255969
0.16449652	0.62737565	0.01293221
0.16495859	0.61610737	0.01284961
0.16542066	0.60859880	0.01280259
0.16588273	0.60180829	0.01281771
0.16634480	0.59080263	0.01324008
0.16680687	0.60630084	0.01379490
0.16726894	0.56966672	0.01366871
0.16773101	0.60808596	0.01439766
0.16819307	0.62252483	0.01482874
0.16865514	0.61587126	0.01499817
0.16911721	0.58574818	0.01486269
0.16957928	0.55855113	0.01473965
0.17004135	0.58379198	0.01525811
0.17050342	0.55426743	0.01499243
0.17096549	0.54207350	0.01494748
0.17142756	0.54335310	0.01508416
0.17188963	0.55790086	0.01540374
0.17235169	0.55937909	0.01554191
0.17281376	0.56473918	0.01573341
0.17327583	0.55448774	0.01570519
0.17373790	0.67104002	0.01740310
0.17419997	0.55533918	0.01594586
0.17466204	0.56005037	0.01612742
0.17512411	0.53609282	0.01588999
0.17558618	0.58330711	0.01669082
0.17604825	0.56343875	0.01651788
0.17651031	0.53580430	0.01621866
0.17697238	0.52807446	0.01621331
0.17743445	0.55089621	0.01667305
0.17789652	0.55969502	0.01691723
0.17835859	0.55270244	0.01692466
0.17882066	0.56245312	0.01718810
0.17928273	0.53668897	0.01690239
0.17974480	0.51995242	0.01675256
0.18020687	0.51411722	0.01676499
0.18066893	0.53543599	0.01722313
0.18113100	0.52992331	0.01724838
0.18159307	0.59257590	0.01836098
0.18205514	0.52017884	0.01731739
0.18251721	0.50135380	0.01711440
0.18297928	0.51821075	0.01751574
0.18344135	0.55806277	0.01829809
0.18390342	0.53058370	0.01796117
0.18436549	0.58467917	0.01898085
0.18482755	0.51627442	0.01795571
0.18528962	0.51638788	0.01807853
0.18575169	0.53656878	0.01855279
0.18621376	0.51787299	0.01835012
0.18667583	0.51738689	0.01846615
0.18713790	0.51556179	0.01855929
0.18759997	0.50888684	0.01856506
0.18806204	0.53886658	0.01923553
0.18852411	0.49399694	0.01854460
0.18898617	0.51496883	0.01906569
0.18944824	0.53717785	0.01960848
0.18991031	0.53994548	0.01979699
0.19037238	0.53298976	0.01980801
0.19083445	0.51383208	0.01958700
0.19129652	0.58496144	0.02104827
0.19175859	0.53482754	0.02027103
0.19222066	0.54224616	0.02055913
0.19268273	0.49330422	0.01975258
0.19314479	0.50021005	0.02003670
0.19360686	0.50872309	0.02035630
0.19406893	0.53574535	0.02104606
0.19453100	0.53861619	0.02126139
0.19499307	0.52781160	0.02120700
0.19545514	0.51231548	0.02105354
0.19591721	0.52558564	0.02148943
0.19637928	0.50252836	0.02117684
0.19684135	0.50480693	0.02139210
0.19730341	0.53669474	0.02223300
0.19776548	0.51384283	0.02192946
0.19822755	0.49690661	0.02174025
0.19868962	0.46677748	0.02124389
0.19915169	0.50900056	0.02236811
0.19961376	0.50447434	0.02245540
0.20007583	0.51049270	0.02278081
0.20053790	0.47542600	0.02217341
0.20099997	0.46653852	0.02215626
0.20146203	0.52052326	0.02360920
0.20192410	0.48875583	0.02308151
0.20238617	0.42246003	0.02165302
0.20284824	0.44090460	0.02232326
0.20331031	0.49227961	0.02380704
0.20377238	0.51779565	0.02464616
0.20423445	0.49028503	0.02421161
0.20469652	0.47834392	0.02414682
0.20515859	0.48357373	0.02451743
0.20562065	0.48460646	0.02478894
0.20608272	0.51612390	0.02584216
0.20654479	0.48213561	0.02523461
0.20700686	0.52631757	0.02664223
0.20746893	0.50663467	0.02641840
0.20793100	0.54002580	0.02757146
0.20839307	0.56119255	0.02841755
0.20885514	0.55824241	0.02866214
0.20931721	0.47671121	0.02679069
0.20977927	0.47579266	0.02707826
0.21024134	0.47493227	0.02737692
0.21070341	0.45384209	0.02708844
0.21116548	0.43649672	0.02689653
0.21162755	0.44894674	0.02762448
0.21208962	0.49140315	0.02927717
0.21255169	0.48982654	0.02961924
0.21301376	0.48262349	0.02980131
0.21347583	0.47363209	0.02993460
0.21393789	0.50636099	0.03139467
0.21439996	0.43300569	0.02945815
0.21486203	0.50113685	0.03216910
0.21532410	0.46339672	0.03141368
0.21578617	0.45403129	0.03159056
0.21624824	0.48275219	0.03310941
0.21671031	0.48693182	0.03381538
0.21717238	0.48412830	0.03430694
0.21763445	0.51160101	0.03590342
0.21809651	0.48060976	0.03544863
0.21855858	0.47864621	0.03606021
0.21902065	0.52794988	0.03863152
0.21948272	0.51330128	0.03888549
0.21994479	0.51041426	0.03961670
0.22040686	0.47590926	0.03911879
0.22086893	0.49166333	0.04069963
0.22133100	0.39953660	0.03759550
0.22179307	0.44453817	0.04068441
0.22225513	0.53807811	0.04598133
0.22271720	0.58562025	0.04934978
0.22317927	0.45115276	0.04463393
0.22364134	0.50541359	0.04876966
0.22410341	0.45894296	0.04807640
0.22456548	0.60615200	0.05729316
0.22502755	0.40639352	0.04877949
0.22548962	0.36155929	0.04799517
0.22595169	0.42642557	0.05457822
0.22641375	0.47584333	0.06064515
0.22687582	0.42516030	0.06063510
0.22733789	0.42396533	0.06449425
0.22779996	0.43082953	0.06987303
0.22826203	0.54017664	0.08509912
0.22872410	0.54826964	0.09483139
0.22918617	0.36002418	0.08717933
0.22964824	0.56132854	0.12886584
0.23011031	0.26142230	0.11358942
