0.00646896	17.77658124	1.88448639
0.00693103	18.73090927	0.22910410
0.00739310	19.72254276	0.18378865
0.00785517	16.88525354	0.16310882
0.00831724	14.33400104	0.14535964
0.00877931	12.30312927	0.13032696
0.00924138	10.66657015	0.11746624
0.00970345	9.17006448	0.10612756
0.01016552	8.26934877	0.09839557
0.01062758	7.58475844	0.09189128
0.01108965	7.01572135	0.08633467
0.01155172	6.65553187	0.08215564
0.01201379	6.30127765	0.07824920
0.01247586	6.13253454	0.07565737
0.01293793	5.77709384	0.07202658
0.01340000	5.74279602	0.07052161
0.01386207	5.46834650	0.06759263
0.01432414	5.28183423	0.06531260
0.01478620	5.19727064	0.06374372
0.01524827	5.19951250	0.06270381
0.01571034	5.14392469	0.06141472
0.01617241	5.11351648	0.06031471
0.01663448	5.25391769	0.06025641
0.01709655	5.12464945	0.05866368
0.01755862	5.02395734	0.05831079
0.01802069	5.14111995	0.05977626
0.01848276	5.08412181	0.05958424
0.01894482	5.11384673	0.05974215
0.01940689	5.14472806	0.05975395
0.01986896	5.21289105	0.05994150
0.02033103	5.17726276	0.05952114
0.02079310	5.14891954	0.05911229
0.02125517	5.18987003	0.05906587
0.02171724	5.34077468	0.05963549
0.02217931	5.36079769	0.05943689
0.02264138	5.24176103	0.05846831
0.02310344	5.35745508	0.05879507
0.02356551	5.37998963	0.05859171
0.02402758	5.46663498	0.05872953
0.02448965	5.59522660	0.05910280
0.02495172	5.50997890	0.05833120
0.02541379	5.54467951	0.05819254
0.02587586	5.74213943	0.05888638
0.02633793	5.85717443	0.05915227
0.02680000	5.92675245	0.05916371
0.02726206	6.00962868	0.05926043
0.02772413	6.09935023	0.05936594
0.02818620	6.21775317	0.05960920
0.02864827	6.35477460	0.05994664
0.02911034	6.44474386	0.06004096
0.02957241	6.52553039	0.06008465
0.03003448	6.63521137	0.06027599
0.03049655	6.71817444	0.06033348
0.03095862	6.94116806	0.06099852
0.03142068	6.99359696	0.06091842
0.03188275	7.05082453	0.06084097
0.03234482	7.25096223	0.06138372
0.03280689	7.43876591	0.06184981
0.03326896	7.67908121	0.06252739
0.03373103	7.69279402	0.06227039
0.03419310	7.75212504	0.06220988
0.03465517	8.08671174	0.06322167
0.03511724	8.33448123	0.06386687
0.03557930	8.51583383	0.06424895
0.03604137	8.57660022	0.06557840
0.03650344	8.94649484	0.06802042
0.03696551	9.18749383	0.06940444
0.03742758	9.36976391	0.07026681
0.03788965	9.61052740	0.07120300
0.03835172	9.74902474	0.07193308
0.03881379	10.01145061	0.07325481
0.03927586	10.31074071	0.07466651
0.03973792	10.46711785	0.07552351
0.04019999	10.80441360	0.07681959
0.04066206	11.12517329	0.07785015
0.04112413	11.43751424	0.07882390
0.04158620	11.70310245	0.07961258
0.04204827	12.07063985	0.08072128
0.04251034	12.35193882	0.08151786
0.04297241	12.84567608	0.08298114
0.04343448	13.29495380	0.08426432
0.04389654	13.47647276	0.08467698
0.04435861	13.97686601	0.08606664
0.04482068	14.46702951	0.08738954
0.04528275	15.09310531	0.08907903
0.04574482	15.94802699	0.09138002
0.04620689	16.74323276	0.09343306
0.04666896	18.14992925	0.09707335
0.04713103	19.79672261	0.10116609
0.04759310	21.61159067	0.10547348
0.04805516	23.09833614	0.10880580
0.04851723	24.60844594	0.11205833
0.04897930	26.69716856	0.11646068
0.04944137	29.49525030	0.12214194
0.04990344	33.82749871	0.13051406
0.05036551	39.68252377	0.14104512
0.05082758	49.26882651	0.15680635
0.05128965	68.23463671	0.18412255
0.05175172	113.70694624	0.23715036
0.05221378	203.33808726	0.31641788
0.05267585	315.35813456	0.39316812
0.05313792	403.79273868	0.44388739
0.05359999	439.24444692	0.46192511
0.05406206	418.27083051	0.44973548
0.05452413	375.31959586	0.42505765
0.05498620	328.72778546	0.39690593
0.05544827	290.39213265	0.37220265
0.05591034	263.32459522	0.35363704
0.05637240	225.35296293	0.32640429
0.05683447	160.77207565	0.27507565
0.05729654	93.75429184	0.20958874
0.05775861	55.88531084	0.16145241
0.05822068	40.25064276	0.13671373
0.05868275	32.15670152	0.12192154
0.05914482	27.27402370	0.11203399
0.05960689	23.56546954	0.10390729
0.06006896	20.66373905	0.09708338
0.06053102	19.16570890	0.09329133
0.06099309	17.90053673	0.08995944
0.06145516	16.79821243	0.08695400
0.06191723	15.86382639	0.08431313
0.06237930	15.01582614	0.08184833
0.06284137	14.58066598	0.08047720
0.06330344	13.88155325	0.07835204
0.06376551	13.23807376	0.07634826
0.06422758	12.72375558	0.07468613
0.06468964	12.15935581	0.07285252
0.06515171	11.94191001	0.07204222
0.06561378	11.36398354	0.07012552
0.06607585	10.91272562	0.06857177
0.06653792	10.45133354	0.06696125
0.06699999	10.06226058	0.06556265
0.06746206	9.74585254	0.06438616
0.06792413	9.39651366	0.06308715
0.06838620	9.16829809	0.06218461
0.06884826	8.80422531	0.06080834
0.06931033	8.45767066	0.05947456
0.06977240	8.16713368	0.05832027
0.07023447	7.95018716	0.05741999
0.07069654	7.59865145	0.05601927
0.07115861	7.48949757	0.05549954
0.07162068	7.18754130	0.05425694
0.07208275	6.88572253	0.05299481
0.07254482	6.72600781	0.05226874
0.07300688	6.58122895	0.05159712
0.07346895	6.37588676	0.05068171
0.07393102	6.27091687	0.05016057
0.07439309	6.08426528	0.04930766
0.07485516	5.87306805	0.04834662
0.07531723	5.77119819	0.04782782
0.07577930	5.56870150	0.04688660
0.07624137	5.50298703	0.04651585
0.07670344	5.28525150	0.04549492
0.07716550	5.23858746	0.04520375
0.07762757	5.04311767	0.04426348
0.07808964	4.98283555	0.04391101
0.07855171	4.84178373	0.04319980
0.07901378	4.69301853	0.04244715
0.07947585	4.58837470	0.04188928
0.07993792	4.51919661	0.04149036
0.08039999	4.50833599	0.04135983
0.08086206	4.32811730	0.04044620
0.08132412	4.21414239	0.03983281
0.08178619	4.15173561	0.03946080
0.08224826	4.02640542	0.03878574
0.08271033	3.98070433	0.03849151
0.08317240	3.80289963	0.03754963
0.08363447	3.76101310	0.03727119
0.08409654	3.75774752	0.03718457
0.08455861	3.62200816	0.03643766
0.08502067	3.60830091	0.03630046
0.08548274	3.54088264	0.03589166
0.08594481	3.50171262	0.03562583
0.08640688	3.43567163	0.03522263
0.08686895	3.31314047	0.03452446
0.08733102	3.26669941	0.03421839
0.08779309	3.23683684	0.03399821
0.08825516	3.14717477	0.03346239
0.08871723	3.09858961	0.03314230
0.08917929	3.01484558	0.03263157
0.08964136	3.00187877	0.03250220
0.09010343	2.98339667	0.03234300
0.09056550	2.94227096	0.03206147
0.09102757	2.92028856	0.03188338
0.09148964	2.85640803	0.03147602
0.09195171	2.83650359	0.03131011
0.09241378	2.78647115	0.03097720
0.09287585	2.78972920	0.03094037
0.09333791	2.75822541	0.03071013
0.09379998	2.66654459	0.03014203
0.09426205	2.62826369	0.02987225
0.09472412	2.62437962	0.02979764
0.09518619	2.58154384	0.02950190
0.09564826	2.49116852	0.02892987
0.09611033	2.40074931	0.02835062
0.09657240	2.32769942	0.02786762
0.09703447	2.33885373	0.02788597
0.09749653	2.33069603	0.02778948
0.09795860	2.38304676	0.02805144
0.09842067	2.29318500	0.02747058
0.09888274	2.26720868	0.02726753
0.09934481	2.23427587	0.02702270
0.09980688	2.26175635	0.02714238
0.10026895	2.20596642	0.02676012
0.10073102	2.18255606	0.02657309
0.10119309	2.15494472	0.02635973
0.10165515	2.17394885	0.02643137
0.10211722	2.11289232	0.02601415
0.10257929	2.11275142	0.02596992
0.10304136	2.08996303	0.02578680
0.10350343	2.07375590	0.02564378
0.10396550	2.08207619	0.02565284
0.10442757	2.08358644	0.02562003
0.10488964	2.07562458	0.02552909
0.10535171	2.10063423	0.02564062
0.10581377	2.09576008	0.02556904
0.10627584	2.13384415	0.02575863
0.10673791	2.25343968	0.02642744
0.10719998	2.41318991	0.02730400
0.10766205	2.69948874	0.02883195
0.10812412	2.84185620	0.02953492
0.10858619	2.97020559	0.03014645
0.10904826	2.83682266	0.02941442
0.10951033	2.73181317	0.02881902
0.10997239	2.55986938	0.02785322
0.11043446	2.33680000	0.02656988
0.11089653	2.17834063	0.02561297
0.11135860	2.06870671	0.02492059
0.11182067	1.96324347	0.02423907
0.11228274	1.88684258	0.02372573
0.11274481	1.83162844	0.02333960
0.11320688	1.82588531	0.02326694
0.11366895	1.71097960	0.02248800
0.11413101	1.67298614	0.02220279
0.11459308	1.68150610	0.02222474
0.11505515	1.65757286	0.02203215
0.11551722	1.61414785	0.02170849
0.11597929	1.61869369	0.02170583
0.11644136	1.60958892	0.02161195
0.11690343	1.58653483	0.02142382
0.11736550	1.54447594	0.02110600
0.11782757	1.51933949	0.02090208
0.11828963	1.53552867	0.02098152
0.11875170	1.51963213	0.02084149
0.11921377	1.53698791	0.02092859
0.11967584	1.51035056	0.02071556
0.12013791	1.49617587	0.02058755
0.12059998	1.50464786	0.02061514
0.12106205	1.42992470	0.02006716
0.12152412	1.48193187	0.02039849
0.12198619	1.47110826	0.02029405
0.12244825	1.42661329	0.01995556
0.12291032	1.42196158	0.01989388
0.12337239	1.41280904	0.01980097
0.12383446	1.40822633	0.01974005
0.12429653	1.36052169	0.01937486
0.12475860	1.35405855	0.01930064
0.12522067	1.34685748	0.01922152
0.12568274	1.34903339	0.01920949
0.12614481	1.36182524	0.01927266
0.12660687	1.34461586	0.01912326
0.12706894	1.33182219	0.01900474
0.12753101	1.30584467	0.01879176
0.12799308	1.32621736	0.01891101
0.12845515	1.35815098	0.01911027
0.12891722	1.29831518	0.01865833
0.12937929	1.28404929	0.01852925
0.12984136	1.29958652	0.01861493
0.13030343	1.24528733	0.01819647
0.13076549	1.26492046	0.01831378
0.13122756	1.26771114	0.01830857
0.13168963	1.25664827	0.01820318
0.13215170	1.27539467	0.01831323
0.13261377	1.24485666	0.01806750
0.13307584	1.24165245	0.01801941
0.13353791	1.25940699	0.01812297
0.13399998	1.24626548	0.01800346
0.13446205	1.25793053	0.01806296
0.13492411	1.20412279	0.01764817
0.13538618	1.25267659	0.01797605
0.13584825	1.23708006	0.01783967
0.13631032	1.22210466	0.01770739
0.13677239	1.26557024	0.01799537
0.13723446	1.25656126	0.01790692
0.13769653	1.26268548	0.01792648
0.13815860	1.22834066	0.01765742
0.13862067	1.24805006	0.01777478
0.13908273	1.26975312	0.01790492
0.13954480	1.28158066	0.01796408
0.14000687	1.26810746	0.01784580
0.14046894	1.24997395	0.01769441
0.14093101	1.27194785	0.01782577
0.14139308	1.35044238	0.01834354
0.14185515	1.42416307	0.01881286
0.14231722	1.56176459	0.01967516
0.14277929	1.71691380	0.02060222
0.14324135	1.83132097	0.02124993
0.14370342	1.86359583	0.02140867
0.14416549	1.80908424	0.02106592
0.14462756	1.76461307	0.02077868
0.14508963	1.59963185	0.01975786
0.14555170	1.52257642	0.01925139
0.14601377	1.44307256	0.01871810
0.14647584	1.30893708	0.01780417
0.14693791	1.26053677	0.01744974
0.14739997	1.21549282	0.01711319
0.14786204	1.19581237	0.01695259
0.14832411	1.18650360	0.01686518
0.14878618	1.11709253	0.01634378
0.14924825	1.10225470	0.01621453
0.14971032	1.10044453	0.01618237
0.15017239	1.07664145	0.01598475
0.15063446	1.04337261	0.01571623
0.15109653	1.05188907	0.01576057
0.15155859	1.01440381	0.01545803
0.15202066	1.01887130	0.01547279
0.15248273	1.01920595	0.01545628
0.15294480	1.01675066	0.01541846
0.15340687	0.97633783	0.01509034
0.15386894	0.95463134	0.01490337
0.15433101	0.95004111	0.01484926
0.15479308	0.95251256	0.01485047
0.15525515	0.95276122	0.01483416
0.15571721	0.97079735	0.01495571
0.15617928	0.92350879	0.01456925
0.15664135	0.93074952	0.01460852
0.15710342	0.90278659	0.01437010
0.15756549	0.88105635	0.01417886
0.15802756	0.90195710	0.01432882
0.15848963	0.87776267	0.01411842
0.15895170	0.89063244	0.01420451
0.15941377	0.91446180	0.01437616
0.15987583	0.90729540	0.01430392
0.16033790	0.88452651	0.01416879
0.16079997	0.82869706	0.01414151
0.16126204	0.81385545	0.01427677
0.16172411	0.81102305	0.01437778
0.16218618	0.81609951	0.01449527
0.16264825	0.80551343	0.01446290
0.16311032	0.82791814	0.01471794
0.16357239	0.79351777	0.01445790
0.16403445	0.79923308	0.01455489
0.16449652	0.79072261	0.01451848
0.16495859	0.80069474	0.01464857
0.16542066	0.75087444	0.01422054
0.16588273	0.73844234	0.01419841
0.16634480	0.73398074	0.01475747
0.16680687	0.74493286	0.01529090
0.16726894	0.75647341	0.01575121
0.16773101	0.75586975	0.01605213
0.16819307	0.77825229	0.01658006
0.16865514	0.77245819	0.01679696
0.16911721	0.74751931	0.01679010
0.16957928	0.74430573	0.01701498
0.17004135	0.73113481	0.01707538
0.17050342	0.73430518	0.01725642
0.17096549	0.70558807	0.01705353
0.17142756	0.72260334	0.01739522
0.17188963	0.71768425	0.01747086
0.17235169	0.67160297	0.01702972
0.17281376	0.66572160	0.01708226
0.17327583	0.71022530	0.01777442
0.17373790	0.77811636	0.01874022
0.17419997	0.66238924	0.01741508
0.17466204	0.65875373	0.01749093
0.17512411	0.66006198	0.01763177
0.17558618	0.67207015	0.01791581
0.17604825	0.70441381	0.01846906
0.17651031	0.67954841	0.01826510
0.17697238	0.66767547	0.01823084
0.17743445	0.67582304	0.01846701
0.17789652	0.67105893	0.01852396
0.17835859	0.63992805	0.01821125
0.17882066	0.66974476	0.01875596
0.17928273	0.66856366	0.01886506
0.17974480	0.64257061	0.01862343
0.18020687	0.66707402	0.01909673
0.18066893	0.65411363	0.01903640
0.18113100	0.64484184	0.01902691
0.18159307	0.66751928	0.01948749
0.18205514	0.63786411	0.01917654
0.18251721	0.66485358	0.01970845
0.18297928	0.61712148	0.01911439
0.18344135	0.62847795	0.01941821
0.18390342	0.63878776	0.01970771
0.18436549	0.62646733	0.01964744
0.18482755	0.64171347	0.02001856
0.18528962	0.65322864	0.02033330
0.18575169	0.61195959	0.01981335
0.18621376	0.64510681	0.02048062
0.18667583	0.64985402	0.02069553
0.18713790	0.63339896	0.02057120
0.18759997	0.60099557	0.02017536
0.18806204	0.62575921	0.02072846
0.18852411	0.65591952	0.02136882
0.18898617	0.62005506	0.02092075
0.18944824	0.62797370	0.02120096
0.18991031	0.66087583	0.02190202
0.19037238	0.62894972	0.02151738
0.19083445	0.61184589	0.02137363
0.19129652	0.62196450	0.02170379
0.19175859	0.62907847	0.02198474
0.19222066	0.62155895	0.02201139
0.19268273	0.61337768	0.02202574
0.19314479	0.62603452	0.02241554
0.19360686	0.67030466	0.02336653
0.19406893	0.59942104	0.02226167
0.19453100	0.61093482	0.02264380
0.19499307	0.61366662	0.02286683
0.19545514	0.60150634	0.02281269
0.19591721	0.59066840	0.02278111
0.19637928	0.62348776	0.02358820
0.19684135	0.62673034	0.02383588
0.19730341	0.65895131	0.02463548
0.19776548	0.58461382	0.02339092
0.19822755	0.60459059	0.02398048
0.19868962	0.63203599	0.02472009
0.19915169	0.59471701	0.02417827
0.19961376	0.59389929	0.02436451
0.20007583	0.63750541	0.02545754
0.20053790	0.57169711	0.02431499
0.20099997	0.54960847	0.02404802
0.20146203	0.60778699	0.02551155
0.20192410	0.54497279	0.02437281
0.20238617	0.59190664	0.02563021
0.20284824	0.55277589	0.02499539
0.20331031	0.59985258	0.02627978
0.20377238	0.56961147	0.02584994
0.20423445	0.57466230	0.02621234
0.20469652	0.58016902	0.02659298
0.20515859	0.61888857	0.02773638
0.20562065	0.57832581	0.02708006
0.20608272	0.57847974	0.02735873
0.20654479	0.62001759	0.02861633
0.20700686	0.57866714	0.02793580
0.20746893	0.52756971	0.02695870
0.20793100	0.63750078	0.02995663
0.20839307	0.57674344	0.02880859
0.20885514	0.61900870	0.03018184
0.20931721	0.51111644	0.02774062
0.20977927	0.55272315	0.02918541
0.21024134	0.56224429	0.02978731
0.21070341	0.62552875	0.03180206
0.21116548	0.63442056	0.03242608
0.21162755	0.58301224	0.03148005
0.21208962	0.51780066	0.03005325
0.21255169	0.53397020	0.03092511
0.21301376	0.58825719	0.03290143
0.21347583	0.57294907	0.03292387
0.21393789	0.64566547	0.03545109
0.21439996	0.58231771	0.03416164
0.21486203	0.57150347	0.03435344
0.21532410	0.57475641	0.03498519
0.21578617	0.69862636	0.03918654
0.21624824	0.55395914	0.03546730
0.21671031	0.55074058	0.03596281
0.21717238	0.60122586	0.03823143
0.21763445	0.59580146	0.03874546
0.21809651	0.47538742	0.03525551
0.21855858	0.56618139	0.03921920
0.21902065	0.59721586	0.04108763
0.21948272	0.53264710	0.03961149
0.21994479	0.47393124	0.03817460
0.22040686	0.58395890	0.04333257
0.22086893	0.64059597	0.04645674
0.22133100	0.61402200	0.04660683
0.22179307	0.53646494	0.04469348
0.22225513	0.50656587	0.04461458
0.22271720	0.53006003	0.04695044
0.22317927	0.50288497	0.04712351
0.22364134	0.53342223	0.05010278
0.22410341	0.55682293	0.05295551
0.22456548	0.56170702	0.05515272
0.22502755	0.42766926	0.05004007
0.22548962	0.49082608	0.05592057
0.22595169	0.49877685	0.05902702
0.22641375	0.67050205	0.07198866
0.22687582	0.46170760	0.06318751
0.22733789	0.63829818	0.07913482
0.22779996	0.49184124	0.07465680
0.22826203	0.45443504	0.07805363
0.22872410	0.73964371	0.11014539
0.22918617	0.52759852	0.10553571
0.22964824	0.49921613	0.12152722
0.23011031	0.21028909	0.10187672
