0.00646896	151.94194427	5.50944337
0.00693103	118.28203987	0.57572202
0.00739310	95.06112561	0.40349552
0.00785517	72.48946637	0.33795673
0.00831724	57.06078523	0.29002070
0.00877931	44.88912185	0.24894135
0.00924138	36.80923823	0.21821223
0.00970345	30.09070487	0.19224639
0.01016552	25.11900269	0.17149090
0.01062758	21.47379178	0.15461719
0.01108965	18.04764938	0.13847119
0.01155172	15.43222988	0.12510087
0.01201379	13.77442837	0.11569176
0.01247586	11.88852845	0.10534048
0.01293793	10.82174650	0.09857953
0.01340000	9.39848239	0.09021721
0.01386207	8.46559570	0.08410080
0.01432414	7.56425605	0.07816057
0.01478620	6.95698977	0.07374973
0.01524827	6.27435023	0.06888061
0.01571034	5.70278480	0.06466490
0.01617241	5.34812891	0.06168283
0.01663448	4.86937443	0.05800938
0.01709655	4.57222885	0.05541167
0.01755862	4.23673429	0.05354779
0.01802069	3.85783759	0.05178117
0.01848276	3.60748351	0.05019097
0.01894482	3.48298022	0.04930404
0.01940689	3.24296488	0.04744130
0.01986896	3.10788150	0.04628289
0.02033103	2.99614604	0.04527961
0.02079310	2.79262297	0.04353373
0.02125517	2.69743099	0.04258274
0.02171724	2.56214580	0.04130519
0.02217931	2.49542187	0.04055210
0.02264138	2.44265609	0.03991288
0.02310344	2.26816353	0.03825593
0.02356551	2.23205830	0.03773968
0.02402758	2.22309411	0.03745203
0.02448965	2.08411058	0.03607112
0.02495172	2.06385233	0.03569975
0.02541379	2.05251040	0.03540559
0.02587586	1.96307565	0.03443075
0.02633793	1.87568390	0.03347396
0.02680000	1.88571895	0.03337225
0.02726206	1.87110822	0.03306667
0.02772413	1.82556626	0.03247838
0.02818620	1.87145888	0.03270293
0.02864827	1.71424329	0.03113516
0.02911034	1.71209248	0.03094628
0.02957241	1.73168400	0.03095209
0.03003448	1.73423049	0.03081558
0.03049655	1.73643606	0.03067341
0.03095862	1.72198742	0.03038212
0.03142068	1.66706061	0.02974227
0.03188275	1.71236178	0.02998292
0.03234482	1.63111369	0.02911371
0.03280689	1.63208763	0.02897074
0.03326896	1.68052550	0.02925083
0.03373103	1.73487431	0.02957151
0.03419310	1.61034460	0.02835361
0.03465517	1.67711442	0.02879130
0.03511724	1.68718243	0.02873541
0.03557930	1.73091341	0.02896611
0.03604137	1.75346800	0.02965188
0.03650344	1.76526780	0.03021469
0.03696551	1.77314091	0.03049021
0.03742758	1.78405669	0.03066127
0.03788965	1.82138049	0.03099738
0.03835172	1.88368389	0.03161929
0.03881379	1.82994618	0.03131892
0.03927586	1.89364146	0.03199851
0.03973792	1.89187845	0.03210815
0.04019999	1.93840027	0.03253817
0.04066206	2.04941032	0.03341339
0.04112413	2.13831757	0.03408225
0.04158620	2.11494947	0.03384396
0.04204827	2.22490393	0.03465601
0.04251034	2.23404088	0.03466816
0.04297241	2.36587126	0.03561201
0.04343448	2.43120629	0.03603389
0.04389654	2.52706307	0.03666784
0.04435861	2.70544195	0.03786597
0.04482068	2.82447718	0.03861347
0.04528275	2.91405480	0.03914128
0.04574482	3.09472162	0.04025395
0.04620689	3.27621093	0.04133014
0.04666896	3.57286883	0.04306962
0.04713103	3.93644898	0.04511185
0.04759310	4.59855246	0.04865310
0.04805516	5.50244006	0.05310548
0.04851723	6.69507223	0.05844935
0.04897930	8.04179579	0.06391801
0.04944137	9.94522307	0.07092446
0.04990344	12.05689273	0.07791841
0.05036551	14.67356996	0.08576820
0.05082758	17.76667981	0.09416308
0.05128965	21.82269414	0.10412589
0.05175172	28.70431782	0.11915271
0.05221378	40.10182176	0.14051856
0.05267585	61.07428212	0.17302365
0.05313792	99.42342685	0.22026116
0.05359999	159.19430186	0.27808796
0.05406206	237.27015646	0.33872708
0.05452413	323.57987989	0.39467351
0.05498620	403.83945765	0.43992005
0.05544827	452.57020743	0.46465436
0.05591034	459.85010719	0.46732625
0.05637240	422.62642930	0.44699488
0.05683447	357.40246896	0.41013385
0.05729654	272.76868134	0.35749471
0.05775861	183.57584192	0.29261963
0.05822068	111.01872868	0.22705123
0.05868275	64.86342008	0.17315882
0.05914482	38.55277146	0.13319962
0.05960689	24.31907489	0.10555565
0.06006896	16.36098957	0.08638637
0.06053102	11.80673048	0.07322235
0.06099309	9.01646690	0.06384574
0.06145516	7.34508772	0.05749850
0.06191723	6.08815988	0.05223171
0.06237930	5.45992104	0.04935469
0.06284137	4.93657636	0.04682708
0.06330344	4.53947130	0.04480576
0.06376551	4.20136465	0.04301124
0.06422758	3.93040274	0.04150982
0.06468964	3.59218837	0.03959760
0.06515171	3.38765935	0.03837073
0.06561378	3.16579050	0.03701280
0.06607585	3.08546006	0.03646185
0.06653792	2.93600133	0.03549080
0.06699999	2.79265182	0.03453958
0.06746206	2.67763131	0.03374877
0.06792413	2.55990630	0.03292832
0.06838620	2.44784604	0.03213147
0.06884826	2.28074111	0.03094964
0.06931033	2.29568653	0.03098576
0.06977240	2.16546711	0.03003036
0.07023447	2.13251017	0.02973856
0.07069654	2.04164214	0.02903748
0.07115861	1.96735474	0.02844490
0.07162068	1.89431093	0.02785420
0.07208275	1.87224970	0.02763379
0.07254482	1.82925032	0.02725837
0.07300688	1.73776953	0.02651356
0.07346895	1.70952618	0.02624333
0.07393102	1.68702174	0.02601701
0.07439309	1.58093391	0.02513432
0.07485516	1.59852567	0.02522281
0.07531723	1.57259996	0.02496645
0.07577930	1.50025306	0.02433627
0.07624137	1.48465423	0.02416097
0.07670344	1.42928163	0.02365860
0.07716550	1.36971540	0.02311439
0.07762757	1.42254494	0.02350872
0.07808964	1.34146324	0.02278372
0.07855171	1.32374514	0.02258818
0.07901378	1.27227259	0.02210103
0.07947585	1.24770735	0.02184388
0.07993792	1.24240327	0.02175444
0.08039999	1.24180711	0.02170689
0.08086206	1.20120903	0.02130774
0.08132412	1.13748085	0.02069466
0.08178619	1.16407394	0.02089495
0.08224826	1.13997590	0.02063770
0.08271033	1.13592883	0.02056178
0.08317240	1.08021560	0.02001260
0.08363447	1.09884248	0.02014599
0.08409654	1.06349919	0.01978188
0.08455861	1.05071266	0.01962537
0.08502067	1.07802542	0.01984153
0.08548274	1.04274013	0.01947717
0.08594481	1.00368325	0.01907318
0.08640688	1.03239505	0.01930807
0.08686895	1.00478421	0.01901268
0.08733102	0.97090055	0.01865487
0.08779309	0.99646110	0.01886365
0.08825516	0.97795818	0.01865334
0.08871723	0.92685372	0.01812618
0.08917929	0.94784156	0.01829672
0.08964136	0.93527852	0.01814206
0.09010343	0.96273480	0.01837292
0.09056550	0.94706469	0.01818997
0.09102757	0.91904658	0.01788629
0.09148964	0.95075118	0.01815947
0.09195171	0.96204484	0.01823436
0.09241378	0.96124767	0.01819418
0.09287585	0.99707206	0.01849728
0.09333791	1.01107964	0.01859343
0.09379998	1.13988615	0.01970738
0.09426205	1.24421286	0.02055327
0.09472412	1.48861654	0.02244192
0.09518619	1.72234385	0.02409740
0.09564826	1.95558514	0.02563205
0.09611033	2.07803590	0.02637641
0.09657240	2.21008351	0.02715444
0.09703447	2.12369868	0.02657239
0.09749653	2.01751799	0.02585511
0.09795860	1.79144049	0.02432149
0.09842067	1.48100840	0.02207634
0.09888274	1.30035069	0.02065049
0.09934481	1.12295579	0.01915762
0.09980688	0.99019970	0.01795918
0.10026895	0.90520723	0.01714205
0.10073102	0.84565255	0.01654075
0.10119309	0.78921650	0.01595221
0.10165515	0.78363100	0.01586905
0.10211722	0.77472028	0.01575228
0.10257929	0.77368339	0.01571550
0.10304136	0.74754391	0.01542221
0.10350343	0.73475518	0.01526422
0.10396550	0.74091885	0.01530285
0.10442757	0.74625596	0.01533267
0.10488964	0.71660456	0.01500033
0.10535171	0.68395856	0.01463080
0.10581377	0.72175154	0.01500505
0.10627584	0.73345150	0.01510175
0.10673791	0.71216806	0.01485673
0.10719998	0.73845483	0.01510402
0.10766205	0.75363306	0.01523397
0.10812412	0.76534756	0.01532724
0.10858619	0.83572270	0.01599094
0.10904826	0.85737166	0.01617070
0.10951033	0.93969167	0.01690232
0.10997239	1.03717779	0.01772936
0.11043446	1.16481583	0.01875891
0.11089653	1.20876015	0.01907951
0.11135860	1.27974960	0.01960069
0.11182067	1.26972313	0.01949321
0.11228274	1.20593380	0.01896765
0.11274481	1.15355467	0.01852225
0.11320688	1.03330405	0.01750317
0.11366895	0.93337395	0.01660949
0.11413101	0.83220745	0.01565947
0.11459308	0.75343712	0.01487685
0.11505515	0.71106088	0.01443025
0.11551722	0.68868761	0.01417977
0.11597929	0.64968818	0.01375139
0.11644136	0.64704080	0.01370258
0.11690343	0.63399112	0.01354296
0.11736550	0.61930962	0.01336501
0.11782757	0.61049967	0.01324966
0.11828963	0.59294796	0.01303816
0.11875170	0.59491181	0.01304024
0.11921377	0.61111819	0.01319676
0.11967584	0.61811796	0.01325237
0.12013791	0.58652703	0.01289013
0.12059998	0.61629033	0.01319355
0.12106205	0.58497816	0.01283510
0.12152412	0.59110959	0.01288303
0.12198619	0.58301541	0.01277575
0.12244825	0.60025491	0.01294430
0.12291032	0.58615134	0.01277264
0.12337239	0.56442025	0.01251544
0.12383446	0.58135638	0.01268333
0.12429653	0.58343560	0.01268768
0.12475860	0.59185111	0.01276025
0.12522067	0.57886547	0.01260131
0.12568274	0.57362535	0.01252618
0.12614481	0.57113888	0.01248107
0.12660687	0.59111069	0.01267936
0.12706894	0.56713192	0.01240169
0.12753101	0.58079811	0.01253240
0.12799308	0.58720075	0.01258348
0.12845515	0.57120909	0.01239339
0.12891722	0.59283150	0.01260806
0.12937929	0.55227718	0.01215194
0.12984136	0.57541891	0.01238656
0.13030343	0.56549407	0.01226214
0.13076549	0.57775828	0.01237711
0.13122756	0.58310531	0.01241703
0.13168963	0.58523680	0.01242242
0.13215170	0.59421596	0.01250013
0.13261377	0.59703509	0.01251233
0.13307584	0.59547126	0.01247875
0.13353791	0.60880055	0.01260038
0.13399998	0.59599990	0.01245013
0.13446205	0.62101117	0.01269142
0.13492411	0.60915251	0.01255242
0.13538618	0.60104602	0.01245170
0.13584825	0.59636200	0.01238634
0.13631032	0.62714096	0.01268478
0.13677239	0.63285601	0.01272536
0.13723446	0.59945894	0.01236827
0.13769653	0.60451801	0.01240372
0.13815860	0.61437004	0.01248771
0.13862067	0.60742634	0.01240038
0.13908273	0.63231984	0.01263517
0.13954480	0.63793970	0.01267423
0.14000687	0.65236186	0.01279977
0.14046894	0.64086865	0.01266981
0.14093101	0.64475573	0.01269145
0.14139308	0.68909774	0.01310345
0.14185515	0.70056145	0.01319466
0.14231722	0.73381058	0.01348660
0.14277929	0.75507079	0.01366261
0.14324135	0.81611504	0.01418571
0.14370342	0.87219691	0.01464607
0.14416549	0.94395394	0.01521691
0.14462756	1.05870024	0.01609459
0.14508963	1.24375055	0.01742194
0.14555170	1.52167353	0.01924569
0.14601377	1.85697577	0.02123347
0.14647584	2.14850533	0.02281028
0.14693791	2.49268039	0.02453830
0.14739997	2.65280028	0.02528174
0.14786204	2.68689238	0.02541147
0.14832411	2.52176155	0.02458716
0.14878618	2.40360107	0.02397393
0.14924825	2.05169195	0.02212174
0.14971032	1.74373302	0.02037033
0.15017239	1.45596094	0.01858854
0.15063446	1.26981741	0.01733801
0.15109653	1.09065365	0.01604835
0.15155859	0.94600026	0.01492775
0.15202066	0.86495234	0.01425624
0.15248273	0.79234983	0.01362801
0.15294480	0.72623313	0.01303082
0.15340687	0.68664487	0.01265508
0.15386894	0.67223632	0.01250627
0.15433101	0.63887777	0.01217706
0.15479308	0.64957337	0.01226363
0.15525515	0.63655203	0.01212517
0.15571721	0.63333335	0.01207977
0.15617928	0.60093183	0.01175247
0.15664135	0.58696507	0.01160102
0.15710342	0.58585757	0.01157612
0.15756549	0.59438116	0.01164587
0.15802756	0.59939519	0.01168084
0.15848963	0.57385822	0.01141563
0.15895170	0.60347068	0.01169244
0.15941377	0.58153276	0.01146429
0.15987583	0.56763714	0.01131400
0.16033790	0.58029448	0.01147629
0.16079997	0.54796079	0.01149933
0.16126204	0.57396423	0.01198944
0.16172411	0.55498464	0.01189366
0.16218618	0.55336620	0.01193606
0.16264825	0.56610525	0.01212460
0.16311032	0.56917300	0.01220325
0.16357239	0.55507985	0.01209218
0.16403445	0.56213662	0.01220655
0.16449652	0.57142290	0.01234206
0.16495859	0.59339350	0.01261053
0.16542066	0.63967841	0.01312542
0.16588273	0.67604153	0.01358527
0.16634480	0.69234778	0.01433282
0.16680687	0.73530833	0.01519180
0.16726894	0.75255963	0.01571041
0.16773101	0.74423449	0.01592811
0.16819307	0.75097975	0.01628695
0.16865514	0.69906257	0.01597906
0.16911721	0.68286376	0.01604756
0.16957928	0.62217051	0.01555645
0.17004135	0.60634621	0.01555006
0.17050342	0.58451195	0.01539604
0.17096549	0.55319577	0.01510004
0.17142756	0.58254995	0.01561876
0.17188963	0.53262711	0.01505079
0.17235169	0.51945582	0.01497702
0.17281376	0.50521030	0.01488110
0.17327583	0.53115676	0.01537123
0.17373790	0.57551244	0.01611683
0.17419997	0.47364098	0.01472629
0.17466204	0.48249398	0.01496915
0.17512411	0.47297510	0.01492529
0.17558618	0.47935021	0.01513058
0.17604825	0.50730506	0.01567348
0.17651031	0.49676448	0.01561662
0.17697238	0.51345171	0.01598725
0.17743445	0.51257502	0.01608270
0.17789652	0.46993038	0.01550138
0.17835859	0.47926629	0.01576023
0.17882066	0.52144420	0.01654964
0.17928273	0.51241248	0.01651569
0.17974480	0.47994654	0.01609518
0.18020687	0.49047861	0.01637503
0.18066893	0.48236170	0.01634725
0.18113100	0.51266858	0.01696524
0.18159307	0.47576021	0.01645197
0.18205514	0.45432075	0.01618406
0.18251721	0.50235166	0.01713142
0.18297928	0.48867801	0.01700931
0.18344135	0.48458653	0.01705100
0.18390342	0.45124058	0.01656387
0.18436549	0.51425979	0.01780115
0.18482755	0.49774147	0.01763048
0.18528962	0.46890119	0.01722724
0.18575169	0.52007046	0.01826534
0.18621376	0.49876906	0.01800848
0.18667583	0.49727092	0.01810361
0.18713790	0.45248478	0.01738693
0.18759997	0.47168393	0.01787357
0.18806204	0.47939738	0.01814309
0.18852411	0.47277134	0.01814182
0.18898617	0.50459781	0.01887273
0.18944824	0.46173718	0.01817951
0.18991031	0.50109774	0.01907153
0.19037238	0.50623460	0.01930445
0.19083445	0.51343149	0.01957936
0.19129652	0.45260502	0.01851452
0.19175859	0.44409774	0.01847175
0.19222066	0.48804359	0.01950454
0.19268273	0.51559493	0.02019393
0.19314479	0.49250058	0.01988169
0.19360686	0.45208469	0.01918969
0.19406893	0.46956939	0.01970342
0.19453100	0.46846912	0.01982861
0.19499307	0.45442924	0.01967763
0.19545514	0.49982507	0.02079531
0.19591721	0.46767500	0.02027100
0.19637928	0.49833392	0.02108827
0.19684135	0.52134764	0.02173975
0.19730341	0.49483612	0.02134839
0.19776548	0.51397957	0.02193237
0.19822755	0.53243558	0.02250405
0.19868962	0.52689992	0.02257061
0.19915169	0.53963737	0.02303144
0.19961376	0.52467996	0.02290069
0.20007583	0.51618020	0.02290736
0.20053790	0.52446535	0.02328892
0.20099997	0.53768672	0.02378578
0.20146203	0.52924852	0.02380625
0.20192410	0.56428191	0.02480083
0.20238617	0.51483492	0.02390340
0.20284824	0.50955626	0.02399835
0.20331031	0.47361248	0.02335130
0.20377238	0.53897859	0.02514525
0.20423445	0.50920925	0.02467446
0.20469652	0.53828954	0.02561520
0.20515859	0.47590142	0.02432215
0.20562065	0.47473905	0.02453527
0.20608272	0.52445604	0.02604992
0.20654479	0.48925593	0.02542026
0.20700686	0.47339258	0.02526721
0.20746893	0.46666194	0.02535480
0.20793100	0.50677500	0.02670915
0.20839307	0.48102391	0.02630959
0.20885514	0.46497087	0.02615834
0.20931721	0.49536857	0.02730992
0.20977927	0.46704240	0.02682811
0.21024134	0.49589338	0.02797454
0.21070341	0.51016555	0.02872018
0.21116548	0.53497188	0.02977634
0.21162755	0.47559427	0.02843249
0.21208962	0.50147036	0.02957555
0.21255169	0.58621612	0.03240273
0.21301376	0.50255892	0.03041058
0.21347583	0.53955749	0.03195006
0.21393789	0.46808843	0.03018490
0.21439996	0.52634119	0.03247823
0.21486203	0.44525210	0.03032241
0.21532410	0.53330379	0.03369998
0.21578617	0.57623803	0.03558897
0.21624824	0.59738458	0.03683123
0.21671031	0.57280450	0.03667612
0.21717238	0.49580663	0.03471825
0.21763445	0.53942513	0.03686682
0.21809651	0.48003796	0.03542754
0.21855858	0.45845491	0.03529143
0.21902065	0.54756702	0.03934269
0.21948272	0.45429518	0.03658225
0.21994479	0.53992407	0.04074583
0.22040686	0.49361706	0.03983991
0.22086893	0.54830548	0.04298015
0.22133100	0.49665753	0.04191661
0.22179307	0.65486709	0.04937989
0.22225513	0.61927638	0.04932886
0.22271720	0.58586709	0.04936018
0.22317927	0.58077934	0.05064178
0.22364134	0.54518937	0.05065239
0.22410341	0.62038334	0.05589625
0.22456548	0.61277107	0.05760512
0.22502755	0.59630917	0.05908805
0.22548962	0.51463215	0.05726065
0.22595169	0.65213432	0.06749417
0.22641375	0.52552661	0.06373257
0.22687582	0.45743595	0.06289453
0.22733789	0.44941209	0.06640155
0.22779996	0.35413826	0.06334952
0.22826203	0.42278328	0.07528632
0.22872410	0.79356952	0.11408998
0.22918617	0.59745841	0.11230563
0.22964824	0.45076794	0.11547973
0.23011031	0.54721767	0.16434127
