0.00646896	14.61787284	1.70887767
0.00693103	14.59143681	0.20220992
0.00739310	15.22256550	0.16146603
0.00785517	14.40749457	0.15066691
0.00831724	12.41864988	0.13529985
0.00877931	11.01992302	0.12334336
0.00924138	9.92755312	0.11332397
0.00970345	9.10633362	0.10575813
0.01016552	9.12285252	0.10334874
0.01062758	9.96659553	0.10533600
0.01108965	9.45388043	0.10021994
0.01155172	8.36851471	0.09212345
0.01201379	7.42832772	0.08495934
0.01247586	6.42027046	0.07741193
0.01293793	5.99525120	0.07337393
0.01340000	5.26301929	0.06751154
0.01386207	4.73892314	0.06292325
0.01432414	4.26772755	0.05870877
0.01478620	3.94678469	0.05554839
0.01524827	3.72441442	0.05306908
0.01571034	3.56874510	0.05115439
0.01617241	3.41134974	0.04926364
0.01663448	3.27338955	0.04756204
0.01709655	3.12330033	0.04579775
0.01755862	3.08608511	0.04570144
0.01802069	2.99561487	0.04562920
0.01848276	2.95318634	0.04541181
0.01894482	2.90553276	0.04503186
0.01940689	2.80913844	0.04415420
0.01986896	2.78800805	0.04383644
0.02033103	2.75506982	0.04341976
0.02079310	2.69848880	0.04279372
0.02125517	2.77479661	0.04318908
0.02171724	2.79500735	0.04314139
0.02217931	2.82627553	0.04315674
0.02264138	2.76980184	0.04250170
0.02310344	2.87072901	0.04303856
0.02356551	2.92392529	0.04319451
0.02402758	2.93824550	0.04305668
0.02448965	3.03913751	0.04355865
0.02495172	3.06224695	0.04348566
0.02541379	3.16509117	0.04396653
0.02587586	3.27323943	0.04445973
0.02633793	3.29717791	0.04438115
0.02680000	3.34506106	0.04444767
0.02726206	3.56848705	0.04566496
0.02772413	3.75223810	0.04656298
0.02818620	4.01464455	0.04789830
0.02864827	4.24335826	0.04898574
0.02911034	4.51470324	0.05025270
0.02957241	4.92777434	0.05221329
0.03003448	5.73427946	0.05603462
0.03049655	7.57755105	0.06407626
0.03095862	11.38946099	0.07813662
0.03142068	17.82356182	0.09725134
0.03188275	25.87244919	0.11654535
0.03234482	34.85306653	0.13457857
0.03280689	43.92377451	0.15029265
0.03326896	52.63082982	0.16369514
0.03373103	63.30853512	0.17863669
0.03419310	86.21006559	0.20745695
0.03465517	135.31416709	0.25861376
0.03511724	213.26448109	0.32306923
0.03557930	289.19144892	0.37440806
0.03604137	331.56741210	0.40774548
0.03650344	324.84750501	0.40987611
0.03696551	293.94456273	0.39257394
0.03742758	263.04302376	0.37230535
0.03788965	241.51646502	0.35694231
0.03835172	243.81239719	0.35972941
0.03881379	258.28645281	0.37208181
0.03927586	279.04635701	0.38843568
0.03973792	293.99800763	0.40025874
0.04019999	302.51509779	0.40648534
0.04066206	299.48001545	0.40391503
0.04112413	278.03407903	0.38863428
0.04158620	229.40526081	0.35247870
0.04204827	159.90649303	0.29380282
0.04251034	98.08653463	0.22971528
0.04297241	58.91535616	0.17771134
0.04343448	38.08267949	0.14261462
0.04389654	25.98367421	0.11757839
0.04435861	17.92699031	0.09747285
0.04482068	11.96769901	0.07948316
0.04528275	8.55083593	0.06704872
0.04574482	6.72563397	0.05934230
0.04620689	5.89547630	0.05544219
0.04666896	5.34300320	0.05266902
0.04713103	4.86729982	0.05016287
0.04759310	4.59168473	0.04861675
0.04805516	4.32273524	0.04706965
0.04851723	3.99118160	0.04512870
0.04897930	3.85594647	0.04426008
0.04944137	3.64979258	0.04296580
0.04990344	3.43660417	0.04159941
0.05036551	3.35626965	0.04101917
0.05082758	3.11083496	0.03940180
0.05128965	2.97861791	0.03846909
0.05175172	2.88599344	0.03778139
0.05221378	2.85897381	0.03751947
0.05267585	2.68987408	0.03631134
0.05313792	2.56098845	0.03535065
0.05359999	2.48475292	0.03474242
0.05406206	2.36189348	0.03379547
0.05452413	2.34116167	0.03357090
0.05498620	2.17827994	0.03230920
0.05544827	2.17673930	0.03222480
0.05591034	2.08029306	0.03143216
0.05637240	2.04202676	0.03107098
0.05683447	1.93490605	0.03017705
0.05729654	1.94444321	0.03018353
0.05775861	1.91667378	0.02989990
0.05822068	1.80561623	0.02895599
0.05868275	1.79739157	0.02882478
0.05914482	1.70084749	0.02797743
0.05960689	1.67060008	0.02766586
0.06006896	1.68583005	0.02772984
0.06053102	1.60529830	0.02699956
0.06099309	1.59514374	0.02685429
0.06145516	1.56107440	0.02650757
0.06191723	1.52419862	0.02613437
0.06237930	1.51549306	0.02600233
0.06284137	1.55340134	0.02626794
0.06330344	1.44949394	0.02531859
0.06376551	1.46073606	0.02536136
0.06422758	1.54846516	0.02605452
0.06468964	1.50505273	0.02563098
0.06515171	1.52466324	0.02574170
0.06561378	1.47207311	0.02523920
0.06607585	1.47239904	0.02518787
0.06653792	1.47660242	0.02516920
0.06699999	1.43168708	0.02473049
0.06746206	1.46769542	0.02498622
0.06792413	1.40139518	0.02436340
0.06838620	1.31244399	0.02352767
0.06884826	1.37604037	0.02403993
0.06931033	1.37927450	0.02401769
0.06977240	1.31596745	0.02341032
0.07023447	1.30380979	0.02325314
0.07069654	1.25677924	0.02278236
0.07115861	1.32185003	0.02331601
0.07162068	1.37769047	0.02375423
0.07208275	1.37737377	0.02370197
0.07254482	1.40447865	0.02388476
0.07300688	1.53634248	0.02492964
0.07346895	1.61753038	0.02552744
0.07393102	1.88425738	0.02749585
0.07439309	2.29292711	0.03026951
0.07485516	2.63005753	0.03235312
0.07531723	2.91468431	0.03398939
0.07577930	2.89076887	0.03378146
0.07624137	2.84405716	0.03344035
0.07670344	2.68486467	0.03242585
0.07716550	2.57228462	0.03167575
0.07762757	2.53825129	0.03140244
0.07808964	2.50955578	0.03116259
0.07855171	2.51788526	0.03115279
0.07901378	2.49961698	0.03097841
0.07947585	2.20115736	0.02901342
0.07993792	1.85640234	0.02659210
0.08039999	1.50608427	0.02390536
0.08086206	1.24787196	0.02171767
0.08132412	1.01876030	0.01958494
0.08178619	0.95431255	0.01891892
0.08224826	0.84918324	0.01781206
0.08271033	0.78287142	0.01706987
0.08317240	0.80417460	0.01726726
0.08363447	0.80043814	0.01719431
0.08409654	0.78935190	0.01704254
0.08455861	0.74755147	0.01655375
0.08502067	0.77377143	0.01680998
0.08548274	0.73993379	0.01640719
0.08594481	0.71480076	0.01609597
0.08640688	0.73355845	0.01627546
0.08686895	0.71111300	0.01599471
0.08733102	0.71789913	0.01604119
0.08779309	0.70325426	0.01584717
0.08825516	0.74425992	0.01627267
0.08871723	0.73017349	0.01608843
0.08917929	0.75864733	0.01636912
0.08964136	0.71760729	0.01589131
0.09010343	0.74193747	0.01612904
0.09056550	0.73829609	0.01606044
0.09102757	0.75281785	0.01618812
0.09148964	0.73649954	0.01598291
0.09195171	0.73550062	0.01594353
0.09241378	0.75243393	0.01609715
0.09287585	0.76441036	0.01619600
0.09333791	0.71044497	0.01558590
0.09379998	0.72300727	0.01569529
0.09426205	0.69607490	0.01537310
0.09472412	0.75040390	0.01593368
0.09518619	0.75525623	0.01595723
0.09564826	0.79243626	0.01631651
0.09611033	0.84462184	0.01681591
0.09657240	0.89927793	0.01732142
0.09703447	0.97144114	0.01797184
0.09749653	1.04502294	0.01860804
0.09795860	1.14834984	0.01947269
0.09842067	1.27474379	0.02048141
0.09888274	1.49703817	0.02215729
0.09934481	1.71261077	0.02365863
0.09980688	2.08564813	0.02606427
0.10026895	2.46979923	0.02831519
0.10073102	2.78708755	0.03002857
0.10119309	3.05745655	0.03139808
0.10165515	3.29981700	0.03256417
0.10211722	3.49487784	0.03345700
0.10257929	3.51239033	0.03348481
0.10304136	3.59284349	0.03381016
0.10350343	3.48598033	0.03324801
0.10396550	3.22773901	0.03194010
0.10442757	2.83727374	0.02989678
0.10488964	2.36828833	0.02726957
0.10535171	1.88607389	0.02429588
0.10581377	1.44818196	0.02125471
0.10627584	1.15207159	0.01892698
0.10673791	0.96016476	0.01725063
0.10719998	0.86744874	0.01637014
0.10766205	0.81313502	0.01582394
0.10812412	0.75610269	0.01523439
0.10858619	0.72047601	0.01484748
0.10904826	0.67839002	0.01438414
0.10951033	0.64041523	0.01395354
0.10997239	0.65012463	0.01403669
0.11043446	0.65058417	0.01401944
0.11089653	0.66022313	0.01410076
0.11135860	0.64530135	0.01391843
0.11182067	0.63017788	0.01373285
0.11228274	0.63134221	0.01372411
0.11274481	0.64385240	0.01383782
0.11320688	0.64635986	0.01384330
0.11366895	0.65201590	0.01388217
0.11413101	0.66493543	0.01399752
0.11459308	0.70026615	0.01434230
0.11505515	0.70095598	0.01432735
0.11551722	0.71558994	0.01445407
0.11597929	0.72855387	0.01456213
0.11644136	0.68570470	0.01410603
0.11690343	0.66999025	0.01392215
0.11736550	0.68660831	0.01407246
0.11782757	0.67400898	0.01392178
0.11828963	0.61016274	0.01322607
0.11875170	0.60822362	0.01318533
0.11921377	0.56326703	0.01266957
0.11967584	0.54541722	0.01244865
0.12013791	0.51733541	0.01210597
0.12059998	0.49411403	0.01181361
0.12106205	0.46639727	0.01146060
0.12152412	0.45196169	0.01126509
0.12198619	0.47843700	0.01157334
0.12244825	0.44155514	0.01110205
0.12291032	0.44661730	0.01114919
0.12337239	0.42858016	0.01090588
0.12383446	0.43959745	0.01102909
0.12429653	0.43687617	0.01097905
0.12475860	0.43962735	0.01099753
0.12522067	0.42825541	0.01083873
0.12568274	0.41662626	0.01067524
0.12614481	0.41305308	0.01061412
0.12660687	0.42687388	0.01077489
0.12706894	0.39309376	0.01032492
0.12753101	0.40952089	0.01052349
0.12799308	0.41312696	0.01055478
0.12845515	0.41075196	0.01050951
0.12891722	0.42833030	0.01071697
0.12937929	0.41950534	0.01059097
0.12984136	0.41867590	0.01056569
0.13030343	0.41656942	0.01052437
0.13076549	0.40041001	0.01030383
0.13122756	0.40429672	0.01033938
0.13168963	0.42574045	0.01059529
0.13215170	0.41616277	0.01046102
0.13261377	0.41524410	0.01043494
0.13307584	0.44662999	0.01080723
0.13353791	0.43438828	0.01064352
0.13399998	0.44815481	0.01079605
0.13446205	0.44043436	0.01068811
0.13492411	0.45344916	0.01083000
0.13538618	0.46169948	0.01091326
0.13584825	0.45281807	0.01079319
0.13631032	0.46405076	0.01091146
0.13677239	0.46720009	0.01093375
0.13723446	0.45416666	0.01076556
0.13769653	0.48189437	0.01107448
0.13815860	0.46014634	0.01080727
0.13862067	0.49804410	0.01122851
0.13908273	0.49776712	0.01121052
0.13954480	0.51446679	0.01138179
0.14000687	0.53869708	0.01163135
0.14046894	0.53669508	0.01159443
0.14093101	0.51264656	0.01131677
0.14139308	0.50155661	0.01117906
0.14185515	0.45978242	0.01068935
0.14231722	0.45142178	0.01057795
0.14277929	0.42219885	0.01021641
0.14324135	0.40356935	0.00997549
0.14370342	0.38125993	0.00968332
0.14416549	0.36083598	0.00940819
0.14462756	0.38335484	0.00968487
0.14508963	0.35559055	0.00931547
0.14555170	0.34937908	0.00922191
0.14601377	0.34103964	0.00909956
0.14647584	0.34162931	0.00909578
0.14693791	0.32249552	0.00882619
0.14739997	0.34330523	0.00909484
0.14786204	0.33238734	0.00893772
0.14832411	0.34925024	0.00915008
0.14878618	0.33317265	0.00892571
0.14924825	0.32575562	0.00881473
0.14971032	0.32955966	0.00885574
0.15017239	0.32880227	0.00883360
0.15063446	0.34936302	0.00909425
0.15109653	0.34675862	0.00904900
0.15155859	0.34168735	0.00897146
0.15202066	0.35359717	0.00911514
0.15248273	0.33282084	0.00883241
0.15294480	0.35614450	0.00912529
0.15340687	0.35546175	0.00910532
0.15386894	0.36124257	0.00916782
0.15433101	0.38873640	0.00949863
0.15479308	0.37954488	0.00937425
0.15525515	0.38466409	0.00942566
0.15571721	0.36629569	0.00918668
0.15617928	0.35477063	0.00903005
0.15664135	0.35235322	0.00898833
0.15710342	0.34810723	0.00892326
0.15756549	0.33509530	0.00874427
0.15802756	0.34273418	0.00883276
0.15848963	0.32662876	0.00861241
0.15895170	0.31178687	0.00840439
0.15941377	0.32420331	0.00855991
0.15987583	0.30404806	0.00828041
0.16033790	0.30402322	0.00830674
0.16079997	0.31164683	0.00867220
0.16126204	0.31001751	0.00881149
0.16172411	0.30649426	0.00883866
0.16218618	0.28950084	0.00863335
0.16264825	0.29321701	0.00872597
0.16311032	0.27642426	0.00850436
0.16357239	0.28915214	0.00872751
0.16403445	0.29732674	0.00887747
0.16449652	0.29277573	0.00883439
0.16495859	0.31198464	0.00914384
0.16542066	0.31079185	0.00914886
0.16588273	0.31448673	0.00926579
0.16634480	0.29484566	0.00935334
0.16680687	0.30313410	0.00975420
0.16726894	0.28949069	0.00974393
0.16773101	0.28622239	0.00987782
0.16819307	0.35017428	0.01112162
0.16865514	0.33614454	0.01108042
0.16911721	0.34356498	0.01138273
0.16957928	0.33947359	0.01149102
0.17004135	0.32450083	0.01137574
0.17050342	0.30982167	0.01120903
0.17096549	0.31454539	0.01138624
0.17142756	0.31957228	0.01156817
0.17188963	0.30593128	0.01140669
0.17235169	0.29446050	0.01127625
0.17281376	0.30330328	0.01153022
0.17327583	0.28407992	0.01124133
0.17373790	0.42641275	0.01387290
0.17419997	0.28640081	0.01145133
0.17466204	0.32586768	0.01230189
0.17512411	0.29481018	0.01178351
0.17558618	0.27674505	0.01149659
0.17604825	0.28392899	0.01172562
0.17651031	0.28159332	0.01175772
0.17697238	0.25820939	0.01133731
0.17743445	0.27506244	0.01178137
0.17789652	0.27225704	0.01179894
0.17835859	0.27458192	0.01192917
0.17882066	0.25766729	0.01163361
0.17928273	0.27424333	0.01208245
0.17974480	0.26879747	0.01204514
0.18020687	0.27831682	0.01233508
0.18066893	0.27904575	0.01243357
0.18113100	0.27632453	0.01245522
0.18159307	0.26012628	0.01216511
0.18205514	0.26905400	0.01245449
0.18251721	0.25891746	0.01229901
0.18297928	0.26573663	0.01254299
0.18344135	0.27349679	0.01280974
0.18390342	0.29314598	0.01335057
0.18436549	0.25672083	0.01257730
0.18482755	0.28344960	0.01330455
0.18528962	0.25368498	0.01267134
0.18575169	0.25492211	0.01278793
0.18621376	0.27438561	0.01335697
0.18667583	0.26785204	0.01328667
0.18713790	0.26698342	0.01335559
0.18759997	0.24281157	0.01282391
0.18806204	0.26106483	0.01338868
0.18852411	0.27307149	0.01378775
0.18898617	0.26277662	0.01361932
0.18944824	0.26595897	0.01379724
0.18991031	0.25481457	0.01359992
0.19037238	0.24691080	0.01348191
0.19083445	0.27816691	0.01441153
0.19129652	0.24926789	0.01373998
0.19175859	0.26122831	0.01416704
0.19222066	0.27507482	0.01464306
0.19268273	0.26852049	0.01457321
0.19314479	0.27493874	0.01485484
0.19360686	0.29569882	0.01551968
0.19406893	0.24201082	0.01414520
0.19453100	0.23479403	0.01403768
0.19499307	0.27675290	0.01535627
0.19545514	0.25464323	0.01484303
0.19591721	0.25801924	0.01505668
0.19637928	0.25180578	0.01499041
0.19684135	0.25773119	0.01528531
0.19730341	0.26688155	0.01567811
0.19776548	0.27471591	0.01603447
0.19822755	0.22586142	0.01465711
0.19868962	0.25409749	0.01567398
0.19915169	0.27037793	0.01630256
0.19961376	0.29336985	0.01712415
0.20007583	0.26432958	0.01639258
0.20053790	0.23203083	0.01549044
0.20099997	0.28482822	0.01731188
0.20146203	0.26928020	0.01698100
0.20192410	0.25654797	0.01672255
0.20238617	0.23735510	0.01623024
0.20284824	0.25822130	0.01708368
0.20331031	0.26434249	0.01744548
0.20377238	0.23928675	0.01675442
0.20423445	0.24917776	0.01726053
0.20469652	0.27750710	0.01839191
0.20515859	0.27663882	0.01854386
0.20562065	0.27135384	0.01854946
0.20608272	0.28820628	0.01931095
0.20654479	0.29451613	0.01972271
0.20700686	0.27448469	0.01924003
0.20746893	0.24594035	0.01840662
0.20793100	0.28320633	0.01996660
0.20839307	0.26311988	0.01945842
0.20885514	0.24294637	0.01890830
0.20931721	0.25515058	0.01959993
0.20977927	0.25340221	0.01976137
0.21024134	0.30888691	0.02207845
0.21070341	0.27752819	0.02118289
0.21116548	0.26767745	0.02106258
0.21162755	0.30409277	0.02273525
0.21208962	0.28664564	0.02236057
0.21255169	0.27708725	0.02227722
0.21301376	0.33577784	0.02485748
0.21347583	0.27076161	0.02263322
0.21393789	0.28531038	0.02356593
0.21439996	0.30722366	0.02481338
0.21486203	0.30995670	0.02529946
0.21532410	0.27855818	0.02435568
0.21578617	0.26549471	0.02415696
0.21624824	0.26482924	0.02452292
0.21671031	0.28594844	0.02591338
0.21717238	0.25592316	0.02494345
0.21763445	0.25441602	0.02531875
0.21809651	0.26921281	0.02653084
0.21855858	0.26841678	0.02700386
0.21902065	0.29106521	0.02868405
0.21948272	0.23137592	0.02610721
0.21994479	0.27759188	0.02921597
0.22040686	0.21125550	0.02606318
0.22086893	0.25260359	0.02917268
0.22133100	0.28609596	0.03181365
0.22179307	0.30598388	0.03375381
0.22225513	0.23721857	0.03053045
0.22271720	0.24181632	0.03171173
0.22317927	0.26375281	0.03412730
0.22364134	0.26397411	0.03524576
0.22410341	0.27940763	0.03751213
0.22456548	0.26115324	0.03760622
0.22502755	0.19343735	0.03365380
0.22548962	0.25174008	0.04004829
0.22595169	0.26121703	0.04271677
0.22641375	0.32004156	0.04973559
0.22687582	0.23753958	0.04532270
0.22733789	0.22055609	0.04651739
0.22779996	0.26640578	0.05494507
0.22826203	0.22045270	0.05436444
0.22872410	0.30961777	0.07126364
0.22918617	0.32740238	0.08313590
0.22964824	0.23403215	0.08320837
0.23011031	0.20385748	0.10030669
