0.00646896	8.85459464	1.33000485
0.00693103	6.56286657	0.13561266
0.00739310	5.62053110	0.09811286
0.00785517	5.47516950	0.09288005
0.00831724	5.35064359	0.08881026
0.00877931	5.07063870	0.08366770
0.00924138	4.87556525	0.07941694
0.00970345	4.87936846	0.07741477
0.01016552	4.83558946	0.07524274
0.01062758	4.83491476	0.07336650
0.01108965	4.65639876	0.07033543
0.01155172	4.23495727	0.06553458
0.01201379	3.89317914	0.06150605
0.01247586	3.49893362	0.05714774
0.01293793	3.24950381	0.05401901
0.01340000	3.06753720	0.05154131
0.01386207	2.74101396	0.04785496
0.01432414	2.59516034	0.04578115
0.01478620	2.43206114	0.04360507
0.01524827	2.34620691	0.04212072
0.01571034	2.23059397	0.04044226
0.01617241	2.26429065	0.04013557
0.01663448	2.15609314	0.03860072
0.01709655	2.12727751	0.03779630
0.01755862	2.03694069	0.03712916
0.01802069	2.00011812	0.03728444
0.01848276	1.95939392	0.03699000
0.01894482	1.93290262	0.03672924
0.01940689	1.91703991	0.03647548
0.01986896	1.89167760	0.03610870
0.02033103	1.85755037	0.03565262
0.02079310	1.82392952	0.03518226
0.02125517	1.85719277	0.03533352
0.02171724	1.82786104	0.03488785
0.02217931	1.68907609	0.03336307
0.02264138	1.79141066	0.03418059
0.02310344	1.80650602	0.03414140
0.02356551	1.74955425	0.03341251
0.02402758	1.81200915	0.03381245
0.02448965	1.80062808	0.03352828
0.02495172	1.79309788	0.03327575
0.02541379	1.85748744	0.03368155
0.02587586	1.77080562	0.03270118
0.02633793	1.83002678	0.03306405
0.02680000	1.86883739	0.03322253
0.02726206	1.90615164	0.03337488
0.02772413	1.94395344	0.03351494
0.02818620	2.00229929	0.03382681
0.02864827	2.03262544	0.03390342
0.02911034	2.00883482	0.03352099
0.02957241	2.05956572	0.03375542
0.03003448	2.09903085	0.03390208
0.03049655	2.18435837	0.03440287
0.03095862	2.32006552	0.03526575
0.03142068	2.31793900	0.03507110
0.03188275	2.35853111	0.03518819
0.03234482	2.41708099	0.03544060
0.03280689	2.45880594	0.03555904
0.03326896	2.56300389	0.03612354
0.03373103	2.59385849	0.03615869
0.03419310	2.71681234	0.03682806
0.03465517	2.79225721	0.03714991
0.03511724	2.92259989	0.03781996
0.03557930	2.88393230	0.03738910
0.03604137	3.10879096	0.03948199
0.03650344	3.30442587	0.04133908
0.03696551	3.47249114	0.04266869
0.03742758	3.54436783	0.04321707
0.03788965	3.77406864	0.04462000
0.03835172	3.93597759	0.04570612
0.03881379	4.12745861	0.04703585
0.03927586	4.30510140	0.04824726
0.03973792	4.50606948	0.04955273
0.04019999	4.74498926	0.05090834
0.04066206	4.99158782	0.05214653
0.04112413	5.17182717	0.05300467
0.04158620	5.50114016	0.05458302
0.04204827	5.72203858	0.05557741
0.04251034	5.88489629	0.05626711
0.04297241	6.19729365	0.05763708
0.04343448	6.57099481	0.05924011
0.04389654	6.85449370	0.06038998
0.04435861	7.08762157	0.06128867
0.04482068	7.48070298	0.06284070
0.04528275	7.69985849	0.06362497
0.04574482	8.15722981	0.06535354
0.04620689	8.54081123	0.06673144
0.04666896	8.84673223	0.06777258
0.04713103	9.09891845	0.06858564
0.04759310	9.60862445	0.07032836
0.04805516	9.76209083	0.07073480
0.04851723	10.28180578	0.07243305
0.04897930	10.74407842	0.07388075
0.04944137	10.78790142	0.07386815
0.04990344	11.06178689	0.07463371
0.05036551	11.25465270	0.07511462
0.05082758	11.61130855	0.07612339
0.05128965	11.68202176	0.07618396
0.05175172	11.85916761	0.07658741
0.05221378	12.07517220	0.07710780
0.05267585	11.95299842	0.07654463
0.05313792	12.04733017	0.07667238
0.05359999	12.18536528	0.07693744
0.05406206	12.02950248	0.07626973
0.05452413	12.00569727	0.07602228
0.05498620	11.79034480	0.07516794
0.05544827	11.75717728	0.07489254
0.05591034	11.53605954	0.07401858
0.05637240	11.42601777	0.07349735
0.05683447	11.11507995	0.07232745
0.05729654	10.95420931	0.07164121
0.05775861	10.89619768	0.07129075
0.05822068	10.45810040	0.06968706
0.05868275	10.00209993	0.06799708
0.05914482	9.82429299	0.06723971
0.05960689	9.66155889	0.06653215
0.06006896	9.23697029	0.06490904
0.06053102	8.99013115	0.06389426
0.06099309	8.66223143	0.06257900
0.06145516	8.41623790	0.06154844
0.06191723	8.10683760	0.06027219
0.06237930	7.77440409	0.05889369
0.06284137	7.65245106	0.05830213
0.06330344	7.41968448	0.05728276
0.06376551	7.04272971	0.05568744
0.06422758	6.74515143	0.05437861
0.06468964	6.45360679	0.05307506
0.06515171	6.39744017	0.05272946
0.06561378	6.13738778	0.05153504
0.06607585	5.98609153	0.05078675
0.06653792	5.74930648	0.04966443
0.06699999	5.59599855	0.04889309
0.06746206	5.39766909	0.04791657
0.06792413	5.21789462	0.04701161
0.06838620	5.07302497	0.04625643
0.06884826	4.95040005	0.04559715
0.06931033	4.84046720	0.04499347
0.06977240	4.67797544	0.04413810
0.07023447	4.52683809	0.04332833
0.07069654	4.37286879	0.04249642
0.07115861	4.29903105	0.04204829
0.07162068	4.20960705	0.04152273
0.07208275	4.12300879	0.04100773
0.07254482	3.92876796	0.03994768
0.07300688	3.87124039	0.03957282
0.07346895	3.75119279	0.03887458
0.07393102	3.64607911	0.03824811
0.07439309	3.62438619	0.03805638
0.07485516	3.57934657	0.03774292
0.07531723	3.46287332	0.03704810
0.07577930	3.36911611	0.03646949
0.07624137	3.28851564	0.03595851
0.07670344	3.25166433	0.03568478
0.07716550	3.18950626	0.03527192
0.07762757	3.10698460	0.03474286
0.07808964	3.03102195	0.03424757
0.07855171	2.96336692	0.03379650
0.07901378	2.97222764	0.03378030
0.07947585	2.87492042	0.03315785
0.07993792	2.83342442	0.03285280
0.08039999	2.74708389	0.03228543
0.08086206	2.73020896	0.03212374
0.08132412	2.69727038	0.03186754
0.08178619	2.58412049	0.03113203
0.08224826	2.58849378	0.03109832
0.08271033	2.56170430	0.03087803
0.08317240	2.45584535	0.03017510
0.08363447	2.40936123	0.02983128
0.08409654	2.37599204	0.02956797
0.08455861	2.30273309	0.02905344
0.08502067	2.28154437	0.02886524
0.08548274	2.27802389	0.02878836
0.08594481	2.20028901	0.02823999
0.08640688	2.24664548	0.02848284
0.08686895	2.24734877	0.02843428
0.08733102	2.14602965	0.02773466
0.08779309	2.12076889	0.02751961
0.08825516	2.07170196	0.02714939
0.08871723	2.02031217	0.02676146
0.08917929	2.01815146	0.02669822
0.08964136	1.95700337	0.02624291
0.09010343	1.93452901	0.02604429
0.09056550	1.91189434	0.02584485
0.09102757	1.88439792	0.02561166
0.09148964	1.83773294	0.02524706
0.09195171	1.81126114	0.02501978
0.09241378	1.79084097	0.02483381
0.09287585	1.77084842	0.02465104
0.09333791	1.70643776	0.02415527
0.09379998	1.72802399	0.02426459
0.09426205	1.68932617	0.02394916
0.09472412	1.64069760	0.02356041
0.09518619	1.59132306	0.02316271
0.09564826	1.55740844	0.02287422
0.09611033	1.57187984	0.02294029
0.09657240	1.58205332	0.02297455
0.09703447	1.54835783	0.02268924
0.09749653	1.47925609	0.02213907
0.09795860	1.45111261	0.02188968
0.09842067	1.45213581	0.02186009
0.09888274	1.42514003	0.02161867
0.09934481	1.36804718	0.02114515
0.09980688	1.37230015	0.02114217
0.10026895	1.34135462	0.02086702
0.10073102	1.35666944	0.02095059
0.10119309	1.27283797	0.02025860
0.10165515	1.23942492	0.01995746
0.10211722	1.23643433	0.01990016
0.10257929	1.22010802	0.01973539
0.10304136	1.21555541	0.01966598
0.10350343	1.13304465	0.01895513
0.10396550	1.13665308	0.01895401
0.10442757	1.12759296	0.01884734
0.10488964	1.12073909	0.01875915
0.10535171	1.10378672	0.01858643
0.10581377	1.08553439	0.01840202
0.10627584	1.03474286	0.01793733
0.10673791	0.99521245	0.01756265
0.10719998	0.97508736	0.01735610
0.10766205	0.99846740	0.01753477
0.10812412	0.95441275	0.01711602
0.10858619	0.95112303	0.01705930
0.10904826	0.92832873	0.01682655
0.10951033	0.88549226	0.01640764
0.10997239	0.89404031	0.01646058
0.11043446	0.87487384	0.01625742
0.11089653	0.87988015	0.01627829
0.11135860	0.83267438	0.01581053
0.11182067	0.86003126	0.01604302
0.11228274	0.82714904	0.01570882
0.11274481	0.82118028	0.01562766
0.11320688	0.80929136	0.01549013
0.11366895	0.77235033	0.01510899
0.11413101	0.78425836	0.01520166
0.11459308	0.75132491	0.01485598
0.11505515	0.74059329	0.01472687
0.11551722	0.74222065	0.01472057
0.11597929	0.74452314	0.01472086
0.11644136	0.72145287	0.01446906
0.11690343	0.69638891	0.01419378
0.11736550	0.70306512	0.01424010
0.11782757	0.68289166	0.01401322
0.11828963	0.67535189	0.01391467
0.11875170	0.67302782	0.01386998
0.11921377	0.67485163	0.01386784
0.11967584	0.65290780	0.01362021
0.12013791	0.64032834	0.01346836
0.12059998	0.63956735	0.01344040
0.12106205	0.62005294	0.01321429
0.12152412	0.61603491	0.01315184
0.12198619	0.65625921	0.01355452
0.12244825	0.61796488	0.01313387
0.12291032	0.60953735	0.01302494
0.12337239	0.60542026	0.01296203
0.12383446	0.58632297	0.01273739
0.12429653	0.58158315	0.01266752
0.12475860	0.59362868	0.01277940
0.12522067	0.56616163	0.01246227
0.12568274	0.58689551	0.01267024
0.12614481	0.55624763	0.01231729
0.12660687	0.57933964	0.01255248
0.12706894	0.54901515	0.01220200
0.12753101	0.56031323	0.01230941
0.12799308	0.52825210	0.01193515
0.12845515	0.56170759	0.01228989
0.12891722	0.54071204	0.01204109
0.12937929	0.52314333	0.01182708
0.12984136	0.51186630	0.01168253
0.13030343	0.52836673	0.01185278
0.13076549	0.53043662	0.01185941
0.13122756	0.52750902	0.01181025
0.13168963	0.52712568	0.01178956
0.13215170	0.51150511	0.01159758
0.13261377	0.50642213	0.01152377
0.13307584	0.52429356	0.01170922
0.13353791	0.49254798	0.01133367
0.13399998	0.50577872	0.01146914
0.13446205	0.50478086	0.01144226
0.13492411	0.49872954	0.01135787
0.13538618	0.49933924	0.01134939
0.13584825	0.48840720	0.01120931
0.13631032	0.49245836	0.01124049
0.13677239	0.48689384	0.01116181
0.13723446	0.48775271	0.01115653
0.13769653	0.48475789	0.01110734
0.13815860	0.48201981	0.01106115
0.13862067	0.48412329	0.01107048
0.13908273	0.47195168	0.01091595
0.13954480	0.45582276	0.01071346
0.14000687	0.47533058	0.01092587
0.14046894	0.48640179	0.01103782
0.14093101	0.47107885	0.01084827
0.14139308	0.48225512	0.01096184
0.14185515	0.47221699	0.01083293
0.14231722	0.45932317	0.01067013
0.14277929	0.46936749	0.01077200
0.14324135	0.47088111	0.01077534
0.14370342	0.45875085	0.01062190
0.14416549	0.46466373	0.01067629
0.14462756	0.44265710	0.01040704
0.14508963	0.46054851	0.01060151
0.14555170	0.46474119	0.01063600
0.14601377	0.46378456	0.01061148
0.14647584	0.43560161	0.01027087
0.14693791	0.44101020	0.01032133
0.14739997	0.43948913	0.01029032
0.14786204	0.44633650	0.01035704
0.14832411	0.45816246	0.01048012
0.14878618	0.44194295	0.01027995
0.14924825	0.43958391	0.01023963
0.14971032	0.45604197	0.01041743
0.15017239	0.44200828	0.01024202
0.15063446	0.43823518	0.01018550
0.15109653	0.44425219	0.01024240
0.15155859	0.43906020	0.01016976
0.15202066	0.42583870	0.01000303
0.15248273	0.43296465	0.01007396
0.15294480	0.43353075	0.01006801
0.15340687	0.43727331	0.01009893
0.15386894	0.44589790	0.01018555
0.15433101	0.42993717	0.00998932
0.15479308	0.43554910	0.01004207
0.15525515	0.41249270	0.00976066
0.15571721	0.41225135	0.00974594
0.15617928	0.42805917	0.00991901
0.15664135	0.42633070	0.00988697
0.15710342	0.41774909	0.00977518
0.15756549	0.42628025	0.00986250
0.15802756	0.43250929	0.00992237
0.15848963	0.40890994	0.00963632
0.15895170	0.41642625	0.00971284
0.15941377	0.41986227	0.00974123
0.15987583	0.42595185	0.00980079
0.16033790	0.42521447	0.00982384
0.16079997	0.43096503	0.01019809
0.16126204	0.41023269	0.01013611
0.16172411	0.39461560	0.01002911
0.16218618	0.41014475	0.01027598
0.16264825	0.40797797	0.01029289
0.16311032	0.40515942	0.01029595
0.16357239	0.42084028	0.01052896
0.16403445	0.41560347	0.01049571
0.16449652	0.41711101	0.01054471
0.16495859	0.42139882	0.01062695
0.16542066	0.41916756	0.01062493
0.16588273	0.42274681	0.01074290
0.16634480	0.40322130	0.01093808
0.16680687	0.42311677	0.01152403
0.16726894	0.39954824	0.01144726
0.16773101	0.41508101	0.01189531
0.16819307	0.48105783	0.01303540
0.16865514	0.47196825	0.01312954
0.16911721	0.39446907	0.01219687
0.16957928	0.39537241	0.01240106
0.17004135	0.42852367	0.01307251
0.17050342	0.39917815	0.01272318
0.17096549	0.43694419	0.01341998
0.17142756	0.42546603	0.01334788
0.17188963	0.44688619	0.01378625
0.17235169	0.40059587	0.01315238
0.17281376	0.39874722	0.01322050
0.17327583	0.38372846	0.01306500
0.17373790	0.53848855	0.01558980
0.17419997	0.42623105	0.01396984
0.17466204	0.39042645	0.01346545
0.17512411	0.41601070	0.01399767
0.17558618	0.41152776	0.01401938
0.17604825	0.40517758	0.01400727
0.17651031	0.40631904	0.01412360
0.17697238	0.36801297	0.01353492
0.17743445	0.36404117	0.01355362
0.17789652	0.38120188	0.01396147
0.17835859	0.44670872	0.01521551
0.17882066	0.41976722	0.01484872
0.17928273	0.39424070	0.01448664
0.17974480	0.39951704	0.01468476
0.18020687	0.40443589	0.01486952
0.18066893	0.40735982	0.01502267
0.18113100	0.41771742	0.01531380
0.18159307	0.39331396	0.01495869
0.18205514	0.37462588	0.01469620
0.18251721	0.40273581	0.01533909
0.18297928	0.39633924	0.01531824
0.18344135	0.41412614	0.01576270
0.18390342	0.40778957	0.01574620
0.18436549	0.40684447	0.01583328
0.18482755	0.42391142	0.01627046
0.18528962	0.38637171	0.01563788
0.18575169	0.40203414	0.01605935
0.18621376	0.39190720	0.01596317
0.18667583	0.41332778	0.01650501
0.18713790	0.42911686	0.01693202
0.18759997	0.40964388	0.01665670
0.18806204	0.42716337	0.01712618
0.18852411	0.42287184	0.01715772
0.18898617	0.39522716	0.01670265
0.18944824	0.42674883	0.01747716
0.18991031	0.41766036	0.01741149
0.19037238	0.41518397	0.01748243
0.19083445	0.42809092	0.01787826
0.19129652	0.42504466	0.01794197
0.19175859	0.42339994	0.01803617
0.19222066	0.41981265	0.01808982
0.19268273	0.39657156	0.01771035
0.19314479	0.39557535	0.01781823
0.19360686	0.39528077	0.01794365
0.19406893	0.42222055	0.01868363
0.19453100	0.43190960	0.01903918
0.19499307	0.38414937	0.01809214
0.19545514	0.41563768	0.01896330
0.19591721	0.38442907	0.01837855
0.19637928	0.41316917	0.01920192
0.19684135	0.37969953	0.01855286
0.19730341	0.38810857	0.01890649
0.19776548	0.34546035	0.01798092
0.19822755	0.36361345	0.01859718
0.19868962	0.40059088	0.01968021
0.19915169	0.37552698	0.01921280
0.19961376	0.38057836	0.01950399
0.20007583	0.38172816	0.01969933
0.20053790	0.40094566	0.02036263
0.20099997	0.42958022	0.02126057
0.20146203	0.39245952	0.02050022
0.20192410	0.39416457	0.02072798
0.20238617	0.42745864	0.02178074
0.20284824	0.40854379	0.02148843
0.20331031	0.39159970	0.02123346
0.20377238	0.37115966	0.02086654
0.20423445	0.38261988	0.02138864
0.20469652	0.41254519	0.02242464
0.20515859	0.39776648	0.02223605
0.20562065	0.45231399	0.02394878
0.20608272	0.39084226	0.02248809
0.20654479	0.44955131	0.02436697
0.20700686	0.43088305	0.02410607
0.20746893	0.39886165	0.02344068
0.20793100	0.37915803	0.02310270
0.20839307	0.40141887	0.02403420
0.20885514	0.39043519	0.02397020
0.20931721	0.42985412	0.02543998
0.20977927	0.45600396	0.02650917
0.21024134	0.45091959	0.02667585
0.21070341	0.40129084	0.02547190
0.21116548	0.40249045	0.02582757
0.21162755	0.40212139	0.02614419
0.21208962	0.43822613	0.02764772
0.21255169	0.45066301	0.02841049
0.21301376	0.46548076	0.02926726
0.21347583	0.44794853	0.02911166
0.21393789	0.46403455	0.03005391
0.21439996	0.43322642	0.02946566
0.21486203	0.42969542	0.02978798
0.21532410	0.45301475	0.03105979
0.21578617	0.43739465	0.03100639
0.21624824	0.47553083	0.03286084
0.21671031	0.40091660	0.03068366
0.21717238	0.44628640	0.03293886
0.21763445	0.42910873	0.03288166
0.21809651	0.41652415	0.03300071
0.21855858	0.37583694	0.03195366
0.21902065	0.50363138	0.03773130
0.21948272	0.42071365	0.03520422
0.21994479	0.33582416	0.03213459
0.22040686	0.35537559	0.03380392
0.22086893	0.37920574	0.03574325
0.22133100	0.46473701	0.04054724
0.22179307	0.49644954	0.04299432
0.22225513	0.51403791	0.04494242
0.22271720	0.46369987	0.04391326
0.22317927	0.44940183	0.04454724
0.22364134	0.46611271	0.04683513
0.22410341	0.44118165	0.04713694
0.22456548	0.37262426	0.04492081
0.22502755	0.31807733	0.04315491
0.22548962	0.42891053	0.05227465
0.22595169	0.36337266	0.05038182
0.22641375	0.40455605	0.05591823
0.22687582	0.39228352	0.05824354
0.22733789	0.44569520	0.06612639
0.22779996	0.27092970	0.05540962
0.22826203	0.32468194	0.06597604
0.22872410	0.33945333	0.07461825
0.22918617	0.33439517	0.08401903
0.22964824	0.43030629	0.11282832
0.23011031	0.34065864	0.12966605
