0.00372449	0.00000000	0.00000000
0.00419005	0.17700416	0.07831976
0.00465561	0.15956037	0.05312447
0.00512117	0.03898031	0.02090700
0.00558674	1.20299351	0.10166132
0.00605230	6.61143548	0.19610371
0.00651786	6.51627799	0.16548768
0.00698342	4.82346848	0.12790619
0.00744898	4.63252331	0.11474164
0.00791454	3.58918706	0.09350001
0.00838010	3.01505054	0.07944144
0.00884567	2.46985289	0.06678482
0.00931123	2.06500946	0.05708268
0.00977679	2.10317135	0.05247632
0.01024235	1.84570917	0.04642638
0.01070791	1.80464580	0.04468819
0.01117347	1.58803543	0.04110829
0.01163903	1.51949304	0.03932333
0.01210459	1.39894020	0.03690871
0.01257016	1.29062810	0.03478950
0.01303572	1.21635229	0.03308738
0.01350128	1.15903999	0.03174184
0.01396684	1.10769589	0.03040900
0.01443240	1.02773427	0.02883966
0.01489796	0.96108457	0.02740150
0.01536352	0.97453585	0.02713169
0.01582909	0.85813848	0.02510288
0.01629465	0.86111314	0.02473216
0.01676021	0.78356699	0.02325429
0.01722577	0.77848737	0.02282809
0.01769133	0.73537833	0.02188477
0.01815689	0.73604881	0.02203569
0.01862245	0.71158640	0.02194155
0.01908801	0.69373490	0.02169147
0.01955358	0.66818670	0.02128852
0.02001914	0.67920357	0.02136550
0.02048470	0.69023586	0.02145140
0.02095026	0.69531918	0.02145488
0.02141582	0.66449519	0.02089182
0.02188138	0.65846877	0.02067870
0.02234694	0.67491488	0.02085471
0.02281251	0.65763492	0.02048768
0.02327807	0.66657912	0.02049737
0.02374363	0.65561072	0.02023726
0.02420919	0.61553711	0.01950556
0.02467475	0.59177955	0.01902531
0.02514031	0.61282160	0.01924560
0.02560587	0.60062256	0.01895874
0.02607143	0.59979709	0.01883937
0.02653700	0.57509799	0.01835440
0.02700256	0.59763335	0.01860419
0.02746812	0.58667728	0.01832717
0.02793368	0.61458957	0.01866164
0.02839924	0.60179437	0.01836504
0.02886480	0.58822450	0.01806959
0.02933036	0.61102213	0.01831783
0.02979592	0.61716811	0.01831479
0.03026149	0.61550322	0.01818445
0.03072705	0.61686192	0.01810504
0.03119261	0.62809951	0.01817568
0.03165817	0.67207679	0.01869990
0.03212373	0.66045035	0.01845952
0.03258929	0.62121043	0.01782353
0.03305485	0.65625602	0.01878257
0.03352042	0.69111984	0.01951140
0.03398598	0.72903524	0.02015043
0.03445154	0.73323238	0.02027115
0.03491710	0.68473046	0.01959695
0.03538266	0.71567619	0.02005120
0.03584822	0.70549993	0.01996925
0.03631378	0.74180362	0.02055111
0.03677934	0.74340814	0.02067351
0.03724491	0.74901538	0.02080987
0.03771047	0.75162072	0.02087459
0.03817603	0.76089784	0.02097274
0.03864159	0.79731768	0.02141458
0.03910715	0.79881442	0.02139730
0.03957271	0.83597828	0.02185772
0.04003827	0.79413359	0.02127204
0.04050384	0.86161331	0.02207932
0.04096940	0.85596687	0.02198181
0.04143496	0.85016128	0.02184604
0.04190052	0.87883146	0.02218037
0.04236608	0.87490698	0.02206514
0.04283164	0.93677209	0.02278703
0.04329720	0.93031993	0.02265218
0.04376276	0.93336910	0.02262782
0.04422833	0.92999686	0.02254225
0.04469389	0.94096913	0.02262526
0.04515945	0.99045886	0.02315587
0.04562501	0.99762876	0.02317437
0.04609057	0.98355382	0.02296114
0.04655613	1.02412269	0.02336904
0.04702169	1.07181699	0.02385681
0.04748726	1.07259685	0.02379707
0.04795282	1.06596656	0.02368446
0.04841838	1.08770545	0.02383972
0.04888394	1.07395672	0.02362742
0.04934950	1.14179898	0.02432365
0.04981506	1.16857262	0.02451555
0.05028062	1.17240092	0.02450609
0.05074618	1.25800932	0.02534207
0.05121175	1.24951825	0.02519672
0.05167731	1.35165825	0.02612866
0.05214287	1.33506529	0.02591186
0.05260843	1.34518573	0.02593471
0.05307399	1.45607368	0.02693871
0.05353955	1.46126558	0.02690984
0.05400511	1.52248849	0.02740391
0.05447068	1.66255272	0.02855762
0.05493624	1.97444975	0.03104210
0.05540180	2.43950932	0.03441499
0.05586736	2.98429285	0.03797686
0.05633292	3.43369680	0.04062043
0.05679848	3.70633414	0.04209420
0.05726404	3.98927869	0.04358089
0.05772960	4.56024659	0.04650919
0.05819517	5.68737803	0.05180034
0.05866073	7.52499274	0.05939885
0.05912629	10.15881138	0.06885413
0.05959185	13.84442643	0.08019627
0.06005741	19.86355669	0.09583372
0.06052297	34.87166491	0.12669415
0.06098853	72.43336550	0.18214580
0.06145410	140.71647024	0.25329041
0.06191966	223.51412392	0.31851105
0.06238522	276.07189306	0.35315849
0.06285078	257.54044095	0.34035272
0.06331634	193.51220446	0.29431187
0.06378190	114.45720834	0.22583184
0.06424746	50.61295002	0.14984369
0.06471302	20.05410723	0.09409515
0.06517859	9.87521126	0.06588280
0.06564415	6.44750220	0.05312883
0.06610971	4.91143994	0.04625600
0.06657527	4.15715406	0.04247612
0.06704083	3.59817580	0.03943897
0.06750639	3.18733462	0.03704695
0.06797195	2.91813036	0.03536648
0.06843752	2.71463708	0.03400978
0.06890308	2.45860841	0.03231158
0.06936864	2.36753320	0.03163052
0.06983420	2.20764800	0.03049490
0.07029976	2.12296017	0.02983624
0.07076532	2.02920168	0.02909176
0.07123088	1.90946794	0.02817766
0.07169644	1.80278123	0.02732616
0.07216201	1.77805694	0.02706736
0.07262757	1.69588771	0.02638195
0.07309313	1.62406557	0.02576775
0.07355869	1.59326969	0.02545613
0.07402425	1.53588176	0.02493460
0.07448981	1.49589234	0.02457017
0.07495537	1.43356454	0.02400721
0.07542094	1.39921154	0.02365127
0.07588650	1.35746364	0.02327083
0.07635206	1.34220652	0.02308264
0.07681762	1.31131322	0.02276204
0.07728318	1.24634602	0.02214690
0.07774874	1.21902065	0.02186713
0.07821430	1.21102392	0.02175115
0.07867986	1.17377865	0.02136974
0.07914543	1.16196965	0.02122095
0.07961099	1.10010107	0.02060122
0.08007655	1.09405399	0.02048655
0.08054211	1.05647357	0.02010342
0.08100767	1.06288244	0.02012283
0.08147323	1.07227091	0.02018355
0.08193879	1.04479451	0.01987868
0.08240436	1.01984709	0.01959411
0.08286992	0.97700200	0.01914546
0.08333548	0.96184361	0.01896542
0.08380104	0.92561633	0.01855463
0.08426660	0.94285964	0.01869913
0.08473216	0.92868896	0.01851926
0.08519772	0.90871939	0.01829028
0.08566328	0.88267414	0.01798752
0.08612885	0.83487009	0.01746171
0.08659441	0.85267749	0.01761102
0.08705997	0.83239295	0.01737348
0.08752553	0.83596502	0.01737548
0.08799109	0.83018341	0.01728228
0.08845665	0.78304409	0.01674660
0.08892221	0.76962051	0.01657647
0.08938777	0.77606365	0.01661975
0.08985334	0.78264045	0.01666115
0.09031890	0.78241293	0.01662329
0.09078446	0.74098250	0.01615259
0.09125002	0.73884924	0.01609677
0.09171558	0.74151234	0.01609096
0.09218114	0.72554346	0.01588793
0.09264670	0.72372803	0.01584930
0.09311227	0.69238542	0.01545955
0.09357783	0.70405979	0.01557341
0.09404339	0.69434415	0.01543810
0.09450895	0.67852338	0.01522303
0.09497451	0.67428093	0.01515652
0.09544007	0.68629637	0.01526051
0.09590563	0.67008322	0.01505295
0.09637119	0.64525539	0.01473641
0.09683676	0.59920129	0.01418509
0.09730232	0.62210829	0.01442289
0.09776788	0.65006944	0.01471731
0.09823344	0.65923971	0.01479700
0.09869900	0.61348121	0.01425035
0.09916456	0.59223345	0.01397462
0.09963012	0.59328309	0.01396950
0.10009569	0.60645659	0.01409320
0.10056125	0.60756465	0.01408422
0.10102681	0.58060247	0.01374679
0.10149237	0.55327037	0.01339297
0.10195793	0.54318374	0.01324645
0.10242349	0.55188059	0.01332729
0.10288905	0.54067924	0.01316738
0.10335461	0.55753096	0.01335155
0.10382018	0.52511014	0.01293981
0.10428574	0.53182070	0.01299983
0.10475130	0.56063709	0.01332537
0.10521686	0.52242140	0.01283621
0.10568242	0.53897938	0.01301504
0.10614798	0.52604536	0.01284100
0.10661354	0.49381975	0.01241929
0.10707911	0.49716963	0.01244174
0.10754467	0.48835837	0.01231310
0.10801023	0.50985598	0.01256129
0.10847579	0.49125393	0.01230674
0.10894135	0.50478463	0.01245479
0.10940691	0.50821341	0.01248101
0.10987247	0.49418042	0.01228540
0.11033803	0.48329863	0.01213052
0.11080360	0.48085433	0.01207654
0.11126916	0.45690519	0.01175470
0.11173472	0.48272651	0.01205864
0.11220028	0.51933417	0.01248837
0.11266584	0.47484234	0.01192682
0.11313140	0.47850510	0.01195543
0.11359696	0.47600441	0.01190147
0.11406253	0.47424096	0.01186343
0.11452809	0.46287045	0.01169867
0.11499365	0.46292515	0.01167865
0.11545921	0.44850580	0.01147998
0.11592477	0.44382500	0.01140245
0.11639033	0.43310170	0.01124749
0.11685589	0.46560793	0.01164473
0.11732145	0.44451904	0.01136002
0.11778702	0.43761766	0.01124751
0.11825258	0.44951866	0.01138722
0.11871814	0.44732502	0.01134452
0.11918370	0.43933168	0.01122279
0.11964926	0.44190282	0.01123406
0.12011482	0.46369113	0.01149642
0.12058038	0.44343847	0.01122697
0.12104595	0.46047589	0.01142269
0.12151151	0.46402557	0.01144605
0.12197707	0.46220930	0.01140689
0.12244263	0.50294394	0.01188131
0.12290819	0.53605658	0.01224426
0.12337375	0.57359317	0.01264356
0.12383931	0.70525367	0.01400541
0.12430487	0.94984519	0.01622410
0.12477044	1.24994240	0.01858128
0.12523600	1.54536867	0.02063152
0.12570156	1.61481219	0.02105265
0.12616712	1.41765432	0.01969278
0.12663268	1.09042656	0.01725943
0.12709824	0.77679460	0.01455105
0.12756380	0.57293335	0.01247654
0.12802937	0.45765471	0.01113211
0.12849493	0.43610334	0.01085047
0.12896049	0.42443052	0.01069122
0.12942605	0.43316032	0.01078560
0.12989161	0.39328063	0.01026301
0.13035717	0.39139102	0.01022406
0.13082273	0.40517174	0.01039071
0.13128829	0.39332986	0.01022189
0.13175386	0.39112254	0.01017625
0.13221942	0.36891545	0.00987034
0.13268498	0.37905901	0.00999235
0.13315054	0.37376797	0.00990763
0.13361610	0.37308798	0.00988284
0.13408166	0.35554556	0.00963559
0.13454722	0.32653633	0.00922218
0.13501279	0.35437883	0.00959476
0.13547835	0.34280605	0.00942029
0.13594391	0.36483334	0.00970628
0.13640947	0.35220779	0.00951929
0.13687503	0.35678103	0.00957259
0.13734059	0.35551934	0.00954316
0.13780615	0.34066666	0.00932615
0.13827171	0.34533039	0.00937780
0.13873728	0.34927053	0.00942099
0.13920284	0.34155030	0.00930452
0.13966840	0.33753322	0.00923352
0.14013396	0.34139228	0.00927764
0.14059952	0.32899631	0.00909395
0.14106508	0.32975748	0.00909152
0.14153064	0.33751481	0.00918396
0.14199621	0.31691764	0.00888785
0.14246177	0.33674796	0.00914864
0.14292733	0.31443896	0.00883127
0.14339289	0.32787402	0.00900464
0.14385845	0.31208410	0.00877607
0.14432401	0.31291474	0.00877335
0.14478957	0.30654307	0.00867336
0.14525513	0.31843261	0.00882868
0.14572070	0.32938516	0.00896739
0.14618626	0.33793089	0.00906808
0.14665182	0.31942540	0.00880644
0.14711738	0.31339859	0.00871365
0.14758294	0.30858941	0.00863497
0.14804850	0.32737313	0.00888319
0.14851406	0.31079479	0.00864358
0.14897962	0.29853058	0.00846084
0.14944519	0.30651223	0.00856181
0.14991075	0.30766045	0.00856603
0.15037631	0.29462151	0.00837267
0.15084187	0.29679560	0.00839320
0.15130743	0.29709299	0.00838442
0.15177299	0.30237877	0.00845016
0.15223855	0.30874045	0.00852741
0.15270412	0.29979101	0.00839266
0.15316968	0.29828066	0.00835987
0.15363524	0.29668067	0.00832678
0.15410080	0.31620441	0.00858630
0.15456636	0.30004198	0.00835277
0.15503192	0.28660266	0.00815321
0.15549748	0.30037797	0.00833543
0.15596304	0.28799127	0.00815104
0.15642861	0.29275352	0.00821005
0.15689417	0.27609966	0.00796365
0.15735973	0.30089158	0.00830357
0.15782529	0.28110020	0.00801494
0.15829085	0.26438490	0.00776547
0.15875641	0.28951738	0.00811344
0.15922197	0.28641337	0.00806222
0.15968754	0.28958525	0.00809634
0.16015310	0.29474864	0.00815789
0.16061866	0.29525546	0.00815619
0.16108422	0.28280354	0.00797176
0.16154978	0.29247876	0.00809531
0.16201534	0.28838526	0.00803125
0.16248090	0.27902609	0.00789006
0.16294646	0.27884412	0.00787854
0.16341203	0.26421369	0.00769009
0.16387759	0.25968500	0.00786172
0.16434315	0.26610561	0.00811213
0.16480871	0.26377575	0.00815432
0.16527427	0.29680744	0.00871829
0.16573983	0.27812187	0.00878781
0.16620539	0.26568025	0.00884225
0.16667096	0.26467465	0.00902997
0.16713652	0.28853693	0.00961968
0.16760208	0.25515717	0.00921446
0.16806764	0.27441299	0.00972270
0.16853320	0.27706761	0.00993068
0.16899876	0.26369437	0.00979998
0.16946432	0.28551073	0.01029081
0.16992988	0.26384910	0.00998014
0.17039545	0.31076467	0.01092382
0.17086101	0.30667800	0.01094199
0.17132657	0.27012224	0.01035241
0.17179213	0.26143559	0.01026530
0.17225769	0.25798069	0.01027642
0.17272325	0.27360398	0.01066369
0.17318881	0.25209758	0.01031275
0.17365438	0.23978635	0.01013207
0.17411994	0.27761155	0.01098140
0.17458550	0.28542933	0.01121509
0.17505106	0.26515388	0.01088637
0.17551662	0.27840228	0.01123363
0.17598218	0.36214999	0.01290179
0.17644774	0.26662283	0.01114685
0.17691330	0.28322931	0.01156774
0.17737887	0.26157309	0.01119264
0.17784443	0.26224942	0.01128596
0.17830999	0.26348402	0.01138616
0.17877555	0.28306555	0.01188106
0.17924111	0.27734067	0.01183910
0.17970667	0.28476026	0.01207653
0.18017223	0.27515012	0.01195307
0.18063780	0.27605371	0.01204929
0.18110336	0.27851687	0.01218311
0.18156892	0.24956563	0.01160893
0.18203448	0.27796980	0.01233285
0.18250004	0.25719579	0.01194153
0.18296560	0.27177621	0.01235655
0.18343116	0.28577143	0.01275456
0.18389672	0.29365273	0.01301487
0.18436229	0.27689439	0.01272184
0.18482785	0.27844414	0.01284210
0.18529341	0.31242216	0.01369359
0.18575897	0.31432081	0.01382670
0.18622453	0.31826292	0.01400612
0.18669009	0.33598873	0.01448732
0.18715565	0.38750282	0.01566293
0.18762122	0.42357216	0.01648614
0.18808678	0.50819390	0.01818029
0.18855234	0.51418307	0.01841142
0.18901790	0.52934164	0.01880839
0.18948346	0.45544167	0.01756583
0.18994902	0.43658592	0.01731690
0.19041458	0.33203717	0.01520643
0.19088014	0.31814404	0.01498857
0.19134571	0.29836118	0.01461677
0.19181127	0.30832375	0.01496351
0.19227683	0.28022521	0.01436655
0.19274239	0.27572884	0.01435253
0.19320795	0.25506307	0.01390339
0.19367351	0.26713670	0.01433160
0.19413907	0.28475247	0.01490444
0.19460464	0.24509473	0.01392921
0.19507020	0.26669327	0.01463753
0.19553576	0.24734478	0.01420173
0.19600132	0.22938946	0.01377944
0.19646688	0.24517530	0.01435377
0.19693244	0.24554865	0.01447465
0.19739800	0.24101911	0.01445130
0.19786356	0.24335648	0.01463443
0.19832913	0.24018113	0.01465309
0.19879469	0.22256598	0.01421766
0.19926025	0.24899714	0.01515899
0.19972581	0.26427217	0.01574378
0.20019137	0.25317480	0.01553609
0.20065693	0.22429508	0.01474444
0.20112249	0.23646098	0.01526601
0.20158805	0.23996030	0.01550904
0.20205362	0.25059309	0.01598501
0.20251918	0.22697572	0.01534533
0.20298474	0.28543761	0.01735990
0.20345030	0.23758158	0.01597908
0.20391586	0.22321376	0.01562824
0.20438142	0.25417418	0.01682953
0.20484698	0.24296380	0.01660689
0.20531255	0.26671299	0.01756334
0.20577811	0.26159298	0.01756000
0.20624367	0.27145045	0.01806111
0.20670923	0.28318768	0.01862890
0.20717479	0.26628918	0.01824501
0.20764035	0.29589262	0.01942765
0.20810591	0.29009930	0.01943498
0.20857147	0.29340996	0.01975060
0.20903704	0.23891948	0.01801270
0.20950260	0.21578243	0.01730422
0.20996816	0.28756256	0.02019696
0.21043372	0.25982040	0.01941426
0.21089928	0.22243348	0.01816942
0.21136484	0.23650637	0.01895466
0.21183040	0.23071286	0.01894459
0.21229597	0.23841781	0.01949303
0.21276153	0.23560510	0.01961889
0.21322709	0.22965312	0.01961585
0.21369265	0.20194932	0.01863390
0.21415821	0.23995215	0.02058191
0.21462377	0.25905112	0.02167667
0.21508933	0.21946262	0.02023019
0.21555489	0.23908914	0.02141760
0.21602046	0.24638136	0.02206104
0.21648602	0.24298950	0.02223905
0.21695158	0.24434511	0.02264666
0.21741714	0.29408179	0.02524101
0.21788270	0.29152217	0.02554358
0.21834826	0.20815203	0.02194955
0.21881382	0.27409019	0.02562725
0.21927939	0.31600761	0.02801373
0.21974495	0.25102863	0.02543404
0.22021051	0.27076697	0.02692575
0.22067607	0.22310378	0.02493139
0.22114163	0.26205330	0.02758306
0.22160719	0.23669832	0.02678300
0.22207275	0.29895866	0.03078026
0.22253831	0.26699958	0.02977515
0.22300388	0.14629975	0.02258500
0.22346944	0.22364205	0.02864769
0.22393500	0.22290729	0.02938049
0.22440056	0.33192086	0.03688343
0.22486612	0.32822619	0.03779423
0.22533168	0.24779815	0.03390078
0.22579724	0.28259692	0.03745153
0.22626281	0.26919046	0.03790302
0.22672837	0.37084827	0.04625864
0.22719393	0.23595066	0.03849001
0.22765949	0.17973678	0.03517586
0.22812505	0.23102949	0.04194935
0.22859061	0.27424429	0.04834403
0.22905617	0.28452221	0.05244923
0.22952173	0.26444699	0.05434385
0.22998730	0.34801464	0.06780771
0.23045286	0.57913110	0.09675326
0.23091842	0.24863703	0.07192033
0.23138398	0.25620491	0.08642574
0.23184954	0.21169679	0.10147122
